 648
 -110.960968 -135.661011 49.219471
 0.500000 1.000000
 0.000000 0.000000 -1.000000
 1.000000 1.000000 1.000000 1.000000
 -109.270920 -135.045883 49.219471
 0.805556 1.000000
 0.000000 0.000000 -1.000000
 1.000000 1.000000 1.000000 1.000000
 -109.162453 -135.661011 49.219471
 0.750000 1.000000
 0.000000 0.000000 -1.000000
 1.000000 1.000000 1.000000 1.000000
 -110.960968 -135.661011 49.219471
 0.500000 1.000000
 0.000000 0.000000 -1.000000
 1.000000 1.000000 1.000000 1.000000
 -109.583229 -134.504944 49.219471
 0.861111 1.000000
 0.000000 0.000000 -1.000000
 1.000000 1.000000 1.000000 1.000000
 -109.270920 -135.045883 49.219471
 0.805556 1.000000
 0.000000 0.000000 -1.000000
 1.000000 1.000000 1.000000 1.000000
 -110.960968 -135.661011 49.219471
 0.500000 1.000000
 0.000000 0.000000 -1.000000
 1.000000 1.000000 1.000000 1.000000
 -110.061714 -134.103455 49.219471
 0.916667 1.000000
 0.000000 0.000000 -1.000000
 1.000000 1.000000 1.000000 1.000000
 -109.583229 -134.504944 49.219471
 0.861111 1.000000
 0.000000 0.000000 -1.000000
 1.000000 1.000000 1.000000 1.000000
 -110.960968 -135.661011 49.219471
 0.500000 1.000000
 0.000000 0.000000 -1.000000
 1.000000 1.000000 1.000000 1.000000
 -110.648659 -133.889816 49.219471
 0.972222 1.000000
 0.000000 0.000000 -1.000000
 1.000000 1.000000 1.000000 1.000000
 -110.061714 -134.103455 49.219471
 0.916667 1.000000
 0.000000 0.000000 -1.000000
 1.000000 1.000000 1.000000 1.000000
 -110.960968 -135.661011 49.219471
 0.500000 1.000000
 0.000000 0.000000 -1.000000
 1.000000 1.000000 1.000000 1.000000
 -111.273277 -133.889816 49.219471
 0.027778 1.000000
 0.000000 0.000000 -1.000000
 1.000000 1.000000 1.000000 1.000000
 -110.648659 -133.889816 49.219471
 -0.027778 1.000000
 0.000000 0.000000 -1.000000
 1.000000 1.000000 1.000000 1.000000
 -110.960968 -135.661011 49.219471
 0.500000 1.000000
 0.000000 0.000000 -1.000000
 1.000000 1.000000 1.000000 1.000000
 -111.860229 -134.103455 49.219471
 0.083333 1.000000
 0.000000 0.000000 -1.000000
 1.000000 1.000000 1.000000 1.000000
 -111.273277 -133.889816 49.219471
 0.027778 1.000000
 0.000000 0.000000 -1.000000
 1.000000 1.000000 1.000000 1.000000
 -110.960968 -135.661011 49.219471
 0.500000 1.000000
 0.000000 0.000000 -1.000000
 1.000000 1.000000 1.000000 1.000000
 -112.338707 -134.504944 49.219471
 0.138889 1.000000
 0.000000 0.000000 -1.000000
 1.000000 1.000000 1.000000 1.000000
 -111.860229 -134.103455 49.219471
 0.083333 1.000000
 0.000000 0.000000 -1.000000
 1.000000 1.000000 1.000000 1.000000
 -110.960968 -135.661011 49.219471
 0.500000 1.000000
 0.000000 0.000000 -1.000000
 1.000000 1.000000 1.000000 1.000000
 -112.651016 -135.045883 49.219471
 0.194444 1.000000
 0.000000 0.000000 -1.000000
 1.000000 1.000000 1.000000 1.000000
 -112.338707 -134.504944 49.219471
 0.138889 1.000000
 0.000000 0.000000 -1.000000
 1.000000 1.000000 1.000000 1.000000
 -110.960968 -135.661011 49.219471
 0.500000 1.000000
 0.000000 0.000000 -1.000000
 1.000000 1.000000 1.000000 1.000000
 -112.759483 -135.661011 49.219471
 0.250000 1.000000
 0.000000 0.000000 -1.000000
 1.000000 1.000000 1.000000 1.000000
 -112.651016 -135.045883 49.219471
 0.194444 1.000000
 0.000000 0.000000 -1.000000
 1.000000 1.000000 1.000000 1.000000
 -110.960968 -135.661011 49.219471
 0.500000 1.000000
 0.000000 0.000000 -1.000000
 1.000000 1.000000 1.000000 1.000000
 -112.651016 -136.276138 49.219471
 0.305556 1.000000
 0.000000 0.000000 -1.000000
 1.000000 1.000000 1.000000 1.000000
 -112.759483 -135.661011 49.219471
 0.250000 1.000000
 0.000000 0.000000 -1.000000
 1.000000 1.000000 1.000000 1.000000
 -110.960968 -135.661011 49.219471
 0.500000 1.000000
 0.000000 0.000000 -1.000000
 1.000000 1.000000 1.000000 1.000000
 -112.338715 -136.817078 49.219471
 0.361111 1.000000
 0.000000 0.000000 -1.000000
 1.000000 1.000000 1.000000 1.000000
 -112.651016 -136.276138 49.219471
 0.305556 1.000000
 0.000000 0.000000 -1.000000
 1.000000 1.000000 1.000000 1.000000
 -110.960968 -135.661011 49.219471
 0.500000 1.000000
 0.000000 0.000000 -1.000000
 1.000000 1.000000 1.000000 1.000000
 -111.860229 -137.218567 49.219471
 0.416667 1.000000
 0.000000 0.000000 -1.000000
 1.000000 1.000000 1.000000 1.000000
 -112.338715 -136.817078 49.219471
 0.361111 1.000000
 0.000000 0.000000 -1.000000
 1.000000 1.000000 1.000000 1.000000
 -110.960968 -135.661011 49.219471
 0.500000 1.000000
 0.000000 0.000000 -1.000000
 1.000000 1.000000 1.000000 1.000000
 -111.273277 -137.432205 49.219471
 0.472222 1.000000
 0.000000 0.000000 -1.000000
 1.000000 1.000000 1.000000 1.000000
 -111.860229 -137.218567 49.219471
 0.416667 1.000000
 0.000000 0.000000 -1.000000
 1.000000 1.000000 1.000000 1.000000
 -110.960968 -135.661011 49.219471
 0.500000 1.000000
 0.000000 0.000000 -1.000000
 1.000000 1.000000 1.000000 1.000000
 -110.648659 -137.432205 49.219471
 0.527778 1.000000
 0.000000 0.000000 -1.000000
 1.000000 1.000000 1.000000 1.000000
 -111.273277 -137.432205 49.219471
 0.472222 1.000000
 0.000000 0.000000 -1.000000
 1.000000 1.000000 1.000000 1.000000
 -110.960968 -135.661011 49.219471
 0.500000 1.000000
 0.000000 0.000000 -1.000000
 1.000000 1.000000 1.000000 1.000000
 -110.061714 -137.218567 49.219471
 0.583333 1.000000
 0.000000 0.000000 -1.000000
 1.000000 1.000000 1.000000 1.000000
 -110.648659 -137.432205 49.219471
 0.527778 1.000000
 0.000000 0.000000 -1.000000
 1.000000 1.000000 1.000000 1.000000
 -110.960968 -135.661011 49.219471
 0.500000 1.000000
 0.000000 0.000000 -1.000000
 1.000000 1.000000 1.000000 1.000000
 -109.583229 -136.817078 49.219471
 0.638889 1.000000
 0.000000 0.000000 -1.000000
 1.000000 1.000000 1.000000 1.000000
 -110.061714 -137.218567 49.219471
 0.583333 1.000000
 0.000000 0.000000 -1.000000
 1.000000 1.000000 1.000000 1.000000
 -110.960968 -135.661011 49.219471
 0.500000 1.000000
 0.000000 0.000000 -1.000000
 1.000000 1.000000 1.000000 1.000000
 -109.270920 -136.276138 49.219471
 0.694444 1.000000
 0.000000 0.000000 -1.000000
 1.000000 1.000000 1.000000 1.000000
 -109.583229 -136.817078 49.219471
 0.638889 1.000000
 0.000000 0.000000 -1.000000
 1.000000 1.000000 1.000000 1.000000
 -110.960968 -135.661011 49.219471
 0.500000 1.000000
 0.000000 0.000000 -1.000000
 1.000000 1.000000 1.000000 1.000000
 -109.162453 -135.661011 49.219471
 0.750000 1.000000
 0.000000 0.000000 -1.000000
 1.000000 1.000000 1.000000 1.000000
 -109.270920 -136.276138 49.219471
 0.694444 1.000000
 0.000000 0.000000 -1.000000
 1.000000 1.000000 1.000000 1.000000
 -109.162453 -135.661011 49.219471
 0.750000 1.000000
 0.984235 0.170059 0.048593
 1.000000 1.000000 1.000000 1.000000
 -109.466537 -135.252563 53.949158
 0.805556 0.800000
 0.984235 0.170059 0.048593
 1.000000 1.000000 1.000000 1.000000
 -109.395409 -135.661011 53.937889
 0.750000 0.800000
 0.984235 0.170059 0.048593
 1.000000 1.000000 1.000000 1.000000
 -109.162453 -135.661011 49.219471
 0.750000 1.000000
 0.983659 0.173451 0.048263
 1.000000 1.000000 1.000000 1.000000
 -109.270920 -135.045883 49.219471
 0.805556 1.000000
 0.983659 0.173451 0.048263
 1.000000 1.000000 1.000000 1.000000
 -109.466537 -135.252563 53.949158
 0.805556 0.800000
 0.983659 0.173451 0.048263
 1.000000 1.000000 1.000000 1.000000
 -109.270920 -135.045883 49.219471
 0.805556 1.000000
 0.869475 0.490630 0.057401
 1.000000 1.000000 1.000000 1.000000
 -109.671356 -134.893387 53.981598
 0.861111 0.800000
 0.869475 0.490630 0.057401
 1.000000 1.000000 1.000000 1.000000
 -109.466537 -135.252563 53.949158
 0.805556 0.800000
 0.869475 0.490630 0.057401
 1.000000 1.000000 1.000000 1.000000
 -109.270920 -135.045883 49.219471
 0.805556 1.000000
 0.864633 0.499192 0.056719
 1.000000 1.000000 1.000000 1.000000
 -109.583229 -134.504944 49.219471
 0.861111 1.000000
 0.864633 0.499192 0.056719
 1.000000 1.000000 1.000000 1.000000
 -109.671356 -134.893387 53.981598
 0.861111 0.800000
 0.864633 0.499192 0.056719
 1.000000 1.000000 1.000000 1.000000
 -109.583229 -134.504944 49.219471
 0.861111 1.000000
 0.652450 0.754249 0.073598
 1.000000 1.000000 1.000000 1.000000
 -109.985161 -134.626785 54.031300
 0.916667 0.800000
 0.652450 0.754249 0.073598
 1.000000 1.000000 1.000000 1.000000
 -109.671356 -134.893387 53.981598
 0.861111 0.800000
 0.652450 0.754249 0.073598
 1.000000 1.000000 1.000000 1.000000
 -109.583229 -134.504944 49.219471
 0.861111 1.000000
 0.641071 0.764012 0.072894
 1.000000 1.000000 1.000000 1.000000
 -110.061714 -134.103455 49.219471
 0.916667 1.000000
 0.641071 0.764012 0.072894
 1.000000 1.000000 1.000000 1.000000
 -109.985161 -134.626785 54.031300
 0.916667 0.800000
 0.641071 0.764012 0.072894
 1.000000 1.000000 1.000000 1.000000
 -110.061714 -134.103455 49.219471
 0.916667 1.000000
 0.357452 0.929051 0.095356
 1.000000 1.000000 1.000000 1.000000
 -110.370094 -134.484940 54.092266
 0.972222 0.800000
 0.357452 0.929051 0.095356
 1.000000 1.000000 1.000000 1.000000
 -109.985161 -134.626785 54.031300
 0.916667 0.800000
 0.357452 0.929051 0.095356
 1.000000 1.000000 1.000000 1.000000
 -110.061714 -134.103455 49.219471
 0.916667 1.000000
 0.340491 0.935458 0.094784
 1.000000 1.000000 1.000000 1.000000
 -110.648659 -133.889816 49.219471
 0.972222 1.000000
 0.340492 0.935458 0.094784
 1.000000 1.000000 1.000000 1.000000
 -110.370094 -134.484940 54.092266
 0.972222 0.800000
 0.340492 0.935458 0.094784
 1.000000 1.000000 1.000000 1.000000
 -110.648659 -133.889816 49.219471
 -0.027778 1.000000
 0.019028 0.992575 0.120137
 1.000000 1.000000 1.000000 1.000000
 -110.779739 -134.484940 54.157146
 0.027778 0.800000
 0.019028 0.992575 0.120137
 1.000000 1.000000 1.000000 1.000000
 -110.370094 -134.484940 54.092266
 -0.027778 0.800000
 0.019028 0.992575 0.120137
 1.000000 1.000000 1.000000 1.000000
 -110.648659 -133.889816 49.219471
 -0.027778 1.000000
 0.000000 0.992815 0.119661
 1.000000 1.000000 1.000000 1.000000
 -111.273277 -133.889816 49.219471
 0.027778 1.000000
 0.000000 0.992815 0.119661
 1.000000 1.000000 1.000000 1.000000
 -110.779739 -134.484940 54.157146
 0.027778 0.800000
 0.000000 0.992815 0.119661
 1.000000 1.000000 1.000000 1.000000
 -111.273277 -133.889816 49.219471
 0.027778 1.000000
 -0.321823 0.935641 0.144937
 1.000000 1.000000 1.000000 1.000000
 -111.164673 -134.626785 54.218113
 0.083333 0.800000
 -0.321823 0.935641 0.144937
 1.000000 1.000000 1.000000 1.000000
 -110.779739 -134.484940 54.157146
 0.027778 0.800000
 -0.321823 0.935641 0.144937
 1.000000 1.000000 1.000000 1.000000
 -111.273277 -133.889816 49.219471
 0.027778 1.000000
 -0.338441 0.929836 0.144442
 1.000000 1.000000 1.000000 1.000000
 -111.860229 -134.103455 49.219471
 0.083333 1.000000
 -0.338441 0.929836 0.144442
 1.000000 1.000000 1.000000 1.000000
 -111.164673 -134.626785 54.218113
 0.083333 0.800000
 -0.338441 0.929836 0.144442
 1.000000 1.000000 1.000000 1.000000
 -111.860229 -134.103455 49.219471
 0.083333 1.000000
 -0.622935 0.764306 0.166700
 1.000000 1.000000 1.000000 1.000000
 -111.478477 -134.893387 54.267815
 0.138889 0.800000
 -0.622935 0.764306 0.166700
 1.000000 1.000000 1.000000 1.000000
 -111.164673 -134.626785 54.218113
 0.083333 0.800000
 -0.622935 0.764306 0.166700
 1.000000 1.000000 1.000000 1.000000
 -111.860229 -134.103455 49.219471
 0.083333 1.000000
 -0.633854 0.755400 0.166132
 1.000000 1.000000 1.000000 1.000000
 -112.338707 -134.504944 49.219471
 0.138889 1.000000
 -0.633854 0.755400 0.166132
 1.000000 1.000000 1.000000 1.000000
 -111.478477 -134.893387 54.267815
 0.138889 0.800000
 -0.633854 0.755400 0.166132
 1.000000 1.000000 1.000000 1.000000
 -112.338707 -134.504944 49.219471
 0.138889 1.000000
 -0.846866 0.499426 0.182733
 1.000000 1.000000 1.000000 1.000000
 -111.683296 -135.252563 54.300255
 0.194444 0.800000
 -0.846866 0.499426 0.182733
 1.000000 1.000000 1.000000 1.000000
 -111.478477 -134.893387 54.267815
 0.138889 0.800000
 -0.846866 0.499426 0.182733
 1.000000 1.000000 1.000000 1.000000
 -112.338707 -134.504944 49.219471
 0.138889 1.000000
 -0.851533 0.491629 0.182188
 1.000000 1.000000 1.000000 1.000000
 -112.651016 -135.045883 49.219471
 0.194444 1.000000
 -0.851533 0.491629 0.182188
 1.000000 1.000000 1.000000 1.000000
 -111.683296 -135.252563 54.300255
 0.194444 0.800000
 -0.851533 0.491629 0.182188
 1.000000 1.000000 1.000000 1.000000
 -112.651016 -135.045883 49.219471
 0.194444 1.000000
 -0.966118 0.173516 0.191072
 1.000000 1.000000 1.000000 1.000000
 -111.754425 -135.661011 54.311523
 0.250000 0.800000
 -0.966118 0.173516 0.191072
 1.000000 1.000000 1.000000 1.000000
 -111.683296 -135.252563 54.300255
 0.194444 0.800000
 -0.966118 0.173516 0.191072
 1.000000 1.000000 1.000000 1.000000
 -112.651016 -135.045883 49.219471
 0.194444 1.000000
 -0.966713 0.170463 0.190808
 1.000000 1.000000 1.000000 1.000000
 -112.759483 -135.661011 49.219471
 0.250000 1.000000
 -0.966713 0.170463 0.190808
 1.000000 1.000000 1.000000 1.000000
 -111.754425 -135.661011 54.311523
 0.250000 0.800000
 -0.966713 0.170463 0.190808
 1.000000 1.000000 1.000000 1.000000
 -112.759483 -135.661011 49.219471
 0.250000 1.000000
 -0.966190 -0.173518 0.190705
 1.000000 1.000000 1.000000 1.000000
 -111.683296 -136.069458 54.300255
 0.305556 0.800000
 -0.966190 -0.173518 0.190704
 1.000000 1.000000 1.000000 1.000000
 -111.754425 -135.661011 54.311523
 0.250000 0.800000
 -0.966190 -0.173518 0.190705
 1.000000 1.000000 1.000000 1.000000
 -112.759483 -135.661011 49.219471
 0.250000 1.000000
 -0.966667 -0.170455 0.191052
 1.000000 1.000000 1.000000 1.000000
 -112.651016 -136.276138 49.219471
 0.305556 1.000000
 -0.966667 -0.170455 0.191052
 1.000000 1.000000 1.000000 1.000000
 -111.683296 -136.069458 54.300255
 0.305556 0.800000
 -0.966667 -0.170455 0.191052
 1.000000 1.000000 1.000000 1.000000
 -112.651016 -136.276138 49.219471
 0.305556 1.000000
 -0.847082 -0.499452 0.181658
 1.000000 1.000000 1.000000 1.000000
 -111.478477 -136.428635 54.267815
 0.361111 0.800000
 -0.847082 -0.499452 0.181658
 1.000000 1.000000 1.000000 1.000000
 -111.683296 -136.069458 54.300255
 0.305556 0.800000
 -0.847082 -0.499452 0.181658
 1.000000 1.000000 1.000000 1.000000
 -112.651016 -136.276138 49.219471
 0.305556 1.000000
 -0.851423 -0.491554 0.182905
 1.000000 1.000000 1.000000 1.000000
 -112.338715 -136.817078 49.219471
 0.361111 1.000000
 -0.851423 -0.491554 0.182905
 1.000000 1.000000 1.000000 1.000000
 -111.478477 -136.428635 54.267815
 0.361111 0.800000
 -0.851423 -0.491554 0.182905
 1.000000 1.000000 1.000000 1.000000
 -112.338715 -136.817078 49.219471
 0.361111 1.000000
 -0.623276 -0.764392 0.165022
 1.000000 1.000000 1.000000 1.000000
 -111.164673 -136.695236 54.218117
 0.416667 0.800000
 -0.623276 -0.764392 0.165022
 1.000000 1.000000 1.000000 1.000000
 -111.478477 -136.428635 54.267815
 0.361111 0.800000
 -0.623276 -0.764392 0.165022
 1.000000 1.000000 1.000000 1.000000
 -112.338715 -136.817078 49.219471
 0.361111 1.000000
 -0.633726 -0.755260 0.167254
 1.000000 1.000000 1.000000 1.000000
 -111.860229 -137.218567 49.219471
 0.416667 1.000000
 -0.633726 -0.755260 0.167254
 1.000000 1.000000 1.000000 1.000000
 -111.164673 -136.695236 54.218117
 0.416667 0.800000
 -0.633726 -0.755260 0.167254
 1.000000 1.000000 1.000000 1.000000
 -111.860229 -137.218567 49.219471
 0.416667 1.000000
 -0.322227 -0.935828 0.142814
 1.000000 1.000000 1.000000 1.000000
 -110.779739 -136.837082 54.157146
 0.472222 0.800000
 -0.322227 -0.935828 0.142814
 1.000000 1.000000 1.000000 1.000000
 -111.164673 -136.695236 54.218117
 0.416667 0.800000
 -0.322227 -0.935828 0.142814
 1.000000 1.000000 1.000000 1.000000
 -111.860229 -137.218567 49.219471
 0.416667 1.000000
 -0.338369 -0.929639 0.145868
 1.000000 1.000000 1.000000 1.000000
 -111.273277 -137.432205 49.219471
 0.472222 1.000000
 -0.338369 -0.929639 0.145868
 1.000000 1.000000 1.000000 1.000000
 -110.779739 -136.837082 54.157146
 0.472222 0.800000
 -0.338369 -0.929639 0.145868
 1.000000 1.000000 1.000000 1.000000
 -111.273277 -137.432205 49.219471
 0.472222 1.000000
 0.018658 -0.992862 0.117802
 1.000000 1.000000 1.000000 1.000000
 -110.370094 -136.837082 54.092266
 0.527778 0.800000
 0.018658 -0.992862 0.117802
 1.000000 1.000000 1.000000 1.000000
 -110.779739 -136.837082 54.157146
 0.472222 0.800000
 0.018658 -0.992862 0.117802
 1.000000 1.000000 1.000000 1.000000
 -111.273277 -137.432205 49.219471
 0.472222 1.000000
 0.000000 -0.992624 0.121231
 1.000000 1.000000 1.000000 1.000000
 -110.648659 -137.432205 49.219471
 0.527778 1.000000
 0.000000 -0.992624 0.121231
 1.000000 1.000000 1.000000 1.000000
 -110.370094 -136.837082 54.092266
 0.527778 0.800000
 0.000000 -0.992624 0.121231
 1.000000 1.000000 1.000000 1.000000
 -110.648659 -137.432205 49.219471
 0.527778 1.000000
 0.357212 -0.929373 0.093085
 1.000000 1.000000 1.000000 1.000000
 -109.985161 -136.695236 54.031300
 0.583333 0.800000
 0.357212 -0.929373 0.093085
 1.000000 1.000000 1.000000 1.000000
 -110.370094 -136.837082 54.092266
 0.527778 0.800000
 0.357212 -0.929373 0.093085
 1.000000 1.000000 1.000000 1.000000
 -110.648659 -137.432205 49.219471
 0.527778 1.000000
 0.340441 -0.935320 0.096308
 1.000000 1.000000 1.000000 1.000000
 -110.061714 -137.218567 49.219471
 0.583333 1.000000
 0.340441 -0.935320 0.096308
 1.000000 1.000000 1.000000 1.000000
 -109.985161 -136.695236 54.031300
 0.583333 0.800000
 0.340441 -0.935320 0.096308
 1.000000 1.000000 1.000000 1.000000
 -110.061714 -137.218567 49.219471
 0.583333 1.000000
 0.652366 -0.754507 0.071681
 1.000000 1.000000 1.000000 1.000000
 -109.671356 -136.428635 53.981598
 0.638889 0.800000
 0.652366 -0.754507 0.071681
 1.000000 1.000000 1.000000 1.000000
 -109.985161 -136.695236 54.031300
 0.583333 0.800000
 0.652366 -0.754507 0.071681
 1.000000 1.000000 1.000000 1.000000
 -110.061714 -137.218567 49.219471
 0.583333 1.000000
 0.641010 -0.763940 0.074176
 1.000000 1.000000 1.000000 1.000000
 -109.583229 -136.817078 49.219471
 0.638889 1.000000
 0.641010 -0.763940 0.074176
 1.000000 1.000000 1.000000 1.000000
 -109.671356 -136.428635 53.981598
 0.638889 0.800000
 0.641010 -0.763940 0.074176
 1.000000 1.000000 1.000000 1.000000
 -109.583229 -136.817078 49.219471
 0.638889 1.000000
 0.869489 -0.490753 0.056121
 1.000000 1.000000 1.000000 1.000000
 -109.466537 -136.069458 53.949158
 0.694444 0.800000
 0.869489 -0.490753 0.056121
 1.000000 1.000000 1.000000 1.000000
 -109.671356 -136.428635 53.981598
 0.638889 0.800000
 0.869489 -0.490753 0.056121
 1.000000 1.000000 1.000000 1.000000
 -109.583229 -136.817078 49.219471
 0.638889 1.000000
 0.864590 -0.499168 0.057572
 1.000000 1.000000 1.000000 1.000000
 -109.270920 -136.276138 49.219471
 0.694444 1.000000
 0.864590 -0.499168 0.057572
 1.000000 1.000000 1.000000 1.000000
 -109.466537 -136.069458 53.949158
 0.694444 0.800000
 0.864590 -0.499168 0.057572
 1.000000 1.000000 1.000000 1.000000
 -109.270920 -136.276138 49.219471
 0.694444 1.000000
 0.984255 -0.170074 0.048140
 1.000000 1.000000 1.000000 1.000000
 -109.395409 -135.661011 53.937889
 0.750000 0.800000
 0.984255 -0.170074 0.048140
 1.000000 1.000000 1.000000 1.000000
 -109.466537 -136.069458 53.949158
 0.694444 0.800000
 0.984255 -0.170074 0.048140
 1.000000 1.000000 1.000000 1.000000
 -109.270920 -136.276138 49.219471
 0.694444 1.000000
 0.983645 -0.173449 0.048564
 1.000000 1.000000 1.000000 1.000000
 -109.162453 -135.661011 49.219471
 0.750000 1.000000
 0.983645 -0.173449 0.048564
 1.000000 1.000000 1.000000 1.000000
 -109.395409 -135.661011 53.937889
 0.750000 0.800000
 0.983645 -0.173449 0.048564
 1.000000 1.000000 1.000000 1.000000
 -109.395409 -135.661011 53.937889
 0.750000 0.800000
 0.970501 0.171977 -0.168972
 1.000000 1.000000 1.000000 1.000000
 -108.629036 -135.355911 58.650120
 0.805556 0.600000
 0.970501 0.171977 -0.168972
 1.000000 1.000000 1.000000 1.000000
 -108.577866 -135.661011 58.633495
 0.750000 0.600000
 0.970501 0.171977 -0.168972
 1.000000 1.000000 1.000000 1.000000
 -109.395409 -135.661011 53.937889
 0.750000 0.800000
 0.970199 0.173618 -0.169029
 1.000000 1.000000 1.000000 1.000000
 -109.466537 -135.252563 53.949158
 0.805556 0.800000
 0.970199 0.173618 -0.169029
 1.000000 1.000000 1.000000 1.000000
 -108.629036 -135.355911 58.650120
 0.805556 0.600000
 0.970199 0.173618 -0.169029
 1.000000 1.000000 1.000000 1.000000
 -109.466537 -135.252563 53.949158
 0.805556 0.800000
 0.856819 0.495751 -0.141748
 1.000000 1.000000 1.000000 1.000000
 -108.776360 -135.087601 58.697990
 0.861111 0.600000
 0.856819 0.495751 -0.141748
 1.000000 1.000000 1.000000 1.000000
 -108.629036 -135.355911 58.650120
 0.805556 0.600000
 0.856819 0.495751 -0.141748
 1.000000 1.000000 1.000000 1.000000
 -109.466537 -135.252563 53.949158
 0.805556 0.800000
 0.854385 0.499993 -0.141542
 1.000000 1.000000 1.000000 1.000000
 -109.671356 -134.893387 53.981598
 0.861111 0.800000
 0.854385 0.499993 -0.141542
 1.000000 1.000000 1.000000 1.000000
 -108.776360 -135.087601 58.697990
 0.861111 0.600000
 0.854385 0.499993 -0.141542
 1.000000 1.000000 1.000000 1.000000
 -109.671356 -134.893387 53.981598
 0.861111 0.800000
 0.642185 0.761187 -0.090518
 1.000000 1.000000 1.000000 1.000000
 -109.002068 -134.888458 58.771328
 0.916667 0.600000
 0.642185 0.761187 -0.090518
 1.000000 1.000000 1.000000 1.000000
 -108.776360 -135.087601 58.697990
 0.861111 0.600000
 0.642185 0.761187 -0.090518
 1.000000 1.000000 1.000000 1.000000
 -109.671356 -134.893387 53.981598
 0.861111 0.800000
 0.636557 0.765991 -0.089737
 1.000000 1.000000 1.000000 1.000000
 -109.985161 -134.626785 54.031300
 0.916667 0.800000
 0.636557 0.765991 -0.089737
 1.000000 1.000000 1.000000 1.000000
 -109.002068 -134.888458 58.771328
 0.916667 0.600000
 0.636557 0.765991 -0.089737
 1.000000 1.000000 1.000000 1.000000
 -109.985161 -134.626785 54.031300
 0.916667 0.800000
 0.351314 0.936018 -0.021191
 1.000000 1.000000 1.000000 1.000000
 -109.278946 -134.782501 58.861290
 0.972222 0.600000
 0.351314 0.936018 -0.021191
 1.000000 1.000000 1.000000 1.000000
 -109.002068 -134.888458 58.771328
 0.916667 0.600000
 0.351314 0.936018 -0.021191
 1.000000 1.000000 1.000000 1.000000
 -109.985161 -134.626785 54.031300
 0.916667 0.800000
 0.342926 0.939152 -0.019863
 1.000000 1.000000 1.000000 1.000000
 -110.370094 -134.484940 54.092266
 0.972222 0.800000
 0.342926 0.939152 -0.019863
 1.000000 1.000000 1.000000 1.000000
 -109.278946 -134.782501 58.861290
 0.972222 0.600000
 0.342926 0.939152 -0.019863
 1.000000 1.000000 1.000000 1.000000
 -110.370094 -134.484940 54.092266
 -0.027778 0.800000
 0.018835 0.998141 0.057969
 1.000000 1.000000 1.000000 1.000000
 -109.573593 -134.782501 58.957027
 0.027778 0.600000
 0.018835 0.998141 0.057969
 1.000000 1.000000 1.000000 1.000000
 -109.278946 -134.782501 58.861290
 -0.027778 0.600000
 0.018835 0.998141 0.057969
 1.000000 1.000000 1.000000 1.000000
 -110.370094 -134.484940 54.092266
 -0.027778 0.800000
 0.009426 0.998183 0.059512
 1.000000 1.000000 1.000000 1.000000
 -110.779739 -134.484940 54.157146
 0.027778 0.800000
 0.009426 0.998183 0.059512
 1.000000 1.000000 1.000000 1.000000
 -109.573593 -134.782501 58.957027
 0.027778 0.600000
 0.009426 0.998183 0.059512
 1.000000 1.000000 1.000000 1.000000
 -110.779739 -134.484940 54.157146
 0.027778 0.800000
 -0.314789 0.939175 0.137325
 1.000000 1.000000 1.000000 1.000000
 -109.850471 -134.888458 59.046989
 0.083333 0.600000
 -0.314789 0.939175 0.137325
 1.000000 1.000000 1.000000 1.000000
 -109.573593 -134.782501 58.957027
 0.027778 0.600000
 -0.314789 0.939175 0.137325
 1.000000 1.000000 1.000000 1.000000
 -110.779739 -134.484940 54.157146
 0.027778 0.800000
 -0.323019 0.936182 0.138642
 1.000000 1.000000 1.000000 1.000000
 -111.164673 -134.626785 54.218113
 0.083333 0.800000
 -0.323019 0.936182 0.138642
 1.000000 1.000000 1.000000 1.000000
 -109.850471 -134.888458 59.046989
 0.083333 0.600000
 -0.323019 0.936182 0.138642
 1.000000 1.000000 1.000000 1.000000
 -111.164673 -134.626785 54.218113
 0.083333 0.800000
 -0.608535 0.766018 0.207126
 1.000000 1.000000 1.000000 1.000000
 -110.076187 -135.087601 59.120331
 0.138889 0.600000
 -0.608535 0.766018 0.207126
 1.000000 1.000000 1.000000 1.000000
 -109.850471 -134.888458 59.046989
 0.083333 0.600000
 -0.608535 0.766018 0.207126
 1.000000 1.000000 1.000000 1.000000
 -111.164673 -134.626785 54.218113
 0.083333 0.800000
 -0.613981 0.761448 0.207905
 1.000000 1.000000 1.000000 1.000000
 -111.478477 -134.893387 54.267815
 0.138889 0.800000
 -0.613981 0.761448 0.207905
 1.000000 1.000000 1.000000 1.000000
 -110.076187 -135.087601 59.120331
 0.138889 0.600000
 -0.613981 0.761448 0.207905
 1.000000 1.000000 1.000000 1.000000
 -111.478477 -134.893387 54.267815
 0.138889 0.800000
 -0.826458 0.499968 0.258842
 1.000000 1.000000 1.000000 1.000000
 -110.223511 -135.355911 59.168198
 0.194444 0.600000
 -0.826458 0.499968 0.258842
 1.000000 1.000000 1.000000 1.000000
 -110.076187 -135.087601 59.120331
 0.138889 0.600000
 -0.826458 0.499968 0.258842
 1.000000 1.000000 1.000000 1.000000
 -111.478477 -134.893387 54.267815
 0.138889 0.800000
 -0.828775 0.496003 0.259061
 1.000000 1.000000 1.000000 1.000000
 -111.683296 -135.252563 54.300255
 0.194444 0.800000
 -0.828775 0.496003 0.259061
 1.000000 1.000000 1.000000 1.000000
 -110.223511 -135.355911 59.168198
 0.194444 0.600000
 -0.828775 0.496003 0.259061
 1.000000 1.000000 1.000000 1.000000
 -111.683296 -135.252563 54.300255
 0.194444 0.800000
 -0.942292 0.173613 0.286258
 1.000000 1.000000 1.000000 1.000000
 -110.274673 -135.661011 59.184822
 0.250000 0.600000
 -0.942292 0.173613 0.286258
 1.000000 1.000000 1.000000 1.000000
 -110.223511 -135.355911 59.168198
 0.194444 0.600000
 -0.942293 0.173613 0.286258
 1.000000 1.000000 1.000000 1.000000
 -111.683296 -135.252563 54.300255
 0.194444 0.800000
 -0.942594 0.172044 0.286214
 1.000000 1.000000 1.000000 1.000000
 -111.754425 -135.661011 54.311523
 0.250000 0.800000
 -0.942594 0.172044 0.286214
 1.000000 1.000000 1.000000 1.000000
 -110.274673 -135.661011 59.184822
 0.250000 0.600000
 -0.942594 0.172044 0.286214
 1.000000 1.000000 1.000000 1.000000
 -111.754425 -135.661011 54.311523
 0.250000 0.800000
 -0.942330 -0.173612 0.286134
 1.000000 1.000000 1.000000 1.000000
 -110.223511 -135.966110 59.168198
 0.305556 0.600000
 -0.942330 -0.173612 0.286134
 1.000000 1.000000 1.000000 1.000000
 -110.274673 -135.661011 59.184822
 0.250000 0.600000
 -0.942330 -0.173612 0.286134
 1.000000 1.000000 1.000000 1.000000
 -111.754425 -135.661011 54.311523
 0.250000 0.800000
 -0.942566 -0.172042 0.286307
 1.000000 1.000000 1.000000 1.000000
 -111.683296 -136.069458 54.300255
 0.305556 0.800000
 -0.942566 -0.172042 0.286307
 1.000000 1.000000 1.000000 1.000000
 -110.223511 -135.966110 59.168198
 0.305556 0.600000
 -0.942566 -0.172042 0.286307
 1.000000 1.000000 1.000000 1.000000
 -111.683296 -136.069458 54.300255
 0.305556 0.800000
 -0.826571 -0.499966 0.258484
 1.000000 1.000000 1.000000 1.000000
 -110.076187 -136.234421 59.120331
 0.361111 0.600000
 -0.826571 -0.499966 0.258484
 1.000000 1.000000 1.000000 1.000000
 -110.223511 -135.966110 59.168198
 0.305556 0.600000
 -0.826571 -0.499966 0.258484
 1.000000 1.000000 1.000000 1.000000
 -111.683296 -136.069458 54.300255
 0.305556 0.800000
 -0.828701 -0.495985 0.259331
 1.000000 1.000000 1.000000 1.000000
 -111.478477 -136.428635 54.267815
 0.361111 0.800000
 -0.828701 -0.495985 0.259331
 1.000000 1.000000 1.000000 1.000000
 -110.076187 -136.234421 59.120331
 0.361111 0.600000
 -0.828701 -0.495985 0.259331
 1.000000 1.000000 1.000000 1.000000
 -111.478477 -136.428635 54.267815
 0.361111 0.800000
 -0.608720 -0.766022 0.206568
 1.000000 1.000000 1.000000 1.000000
 -109.850471 -136.433563 59.046989
 0.416667 0.600000
 -0.608720 -0.766022 0.206568
 1.000000 1.000000 1.000000 1.000000
 -110.076187 -136.234421 59.120331
 0.361111 0.600000
 -0.608720 -0.766022 0.206568
 1.000000 1.000000 1.000000 1.000000
 -111.478477 -136.428635 54.267815
 0.361111 0.800000
 -0.613883 -0.761410 0.208332
 1.000000 1.000000 1.000000 1.000000
 -111.164673 -136.695236 54.218117
 0.416667 0.800000
 -0.613883 -0.761410 0.208332
 1.000000 1.000000 1.000000 1.000000
 -109.850471 -136.433563 59.046989
 0.416667 0.600000
 -0.613883 -0.761410 0.208332
 1.000000 1.000000 1.000000 1.000000
 -111.164673 -136.695236 54.218117
 0.416667 0.800000
 -0.315023 -0.939198 0.136630
 1.000000 1.000000 1.000000 1.000000
 -109.573593 -136.539520 58.957027
 0.472222 0.600000
 -0.315023 -0.939198 0.136630
 1.000000 1.000000 1.000000 1.000000
 -109.850471 -136.433563 59.046989
 0.416667 0.600000
 -0.315023 -0.939198 0.136630
 1.000000 1.000000 1.000000 1.000000
 -111.164673 -136.695236 54.218117
 0.416667 0.800000
 -0.322916 -0.936138 0.139179
 1.000000 1.000000 1.000000 1.000000
 -110.779739 -136.837082 54.157146
 0.472222 0.800000
 -0.322916 -0.936138 0.139179
 1.000000 1.000000 1.000000 1.000000
 -109.573593 -136.539520 58.957027
 0.472222 0.600000
 -0.322916 -0.936138 0.139179
 1.000000 1.000000 1.000000 1.000000
 -110.779739 -136.837082 54.157146
 0.472222 0.800000
 0.018589 -0.998189 0.057210
 1.000000 1.000000 1.000000 1.000000
 -109.278946 -136.539520 58.861290
 0.527778 0.600000
 0.018589 -0.998189 0.057210
 1.000000 1.000000 1.000000 1.000000
 -109.573593 -136.539520 58.957027
 0.472222 0.600000
 0.018589 -0.998189 0.057210
 1.000000 1.000000 1.000000 1.000000
 -110.779739 -136.837082 54.157146
 0.472222 0.800000
 0.009519 -0.998147 0.060101
 1.000000 1.000000 1.000000 1.000000
 -110.370094 -136.837082 54.092266
 0.527778 0.800000
 0.009519 -0.998147 0.060101
 1.000000 1.000000 1.000000 1.000000
 -109.278946 -136.539520 58.861290
 0.527778 0.600000
 0.009519 -0.998147 0.060101
 1.000000 1.000000 1.000000 1.000000
 -110.370094 -136.837082 54.092266
 0.527778 0.800000
 0.351100 -0.936081 -0.021925
 1.000000 1.000000 1.000000 1.000000
 -109.002068 -136.433563 58.771328
 0.583333 0.600000
 0.351100 -0.936081 -0.021925
 1.000000 1.000000 1.000000 1.000000
 -109.278946 -136.539520 58.861290
 0.527778 0.600000
 0.351100 -0.936081 -0.021925
 1.000000 1.000000 1.000000 1.000000
 -110.370094 -136.837082 54.092266
 0.527778 0.800000
 0.343009 -0.939134 -0.019296
 1.000000 1.000000 1.000000 1.000000
 -109.985161 -136.695236 54.031300
 0.583333 0.800000
 0.343009 -0.939134 -0.019296
 1.000000 1.000000 1.000000 1.000000
 -109.002068 -136.433563 58.771328
 0.583333 0.600000
 0.343009 -0.939134 -0.019296
 1.000000 1.000000 1.000000 1.000000
 -109.985161 -136.695236 54.031300
 0.583333 0.800000
 0.642033 -0.761242 -0.091135
 1.000000 1.000000 1.000000 1.000000
 -108.776360 -136.234421 58.697990
 0.638889 0.600000
 0.642033 -0.761241 -0.091135
 1.000000 1.000000 1.000000 1.000000
 -109.002068 -136.433563 58.771328
 0.583333 0.600000
 0.642033 -0.761241 -0.091135
 1.000000 1.000000 1.000000 1.000000
 -109.985161 -136.695236 54.031300
 0.583333 0.800000
 0.636628 -0.765987 -0.089266
 1.000000 1.000000 1.000000 1.000000
 -109.671356 -136.428635 53.981598
 0.638889 0.800000
 0.636628 -0.765987 -0.089266
 1.000000 1.000000 1.000000 1.000000
 -108.776360 -136.234421 58.697990
 0.638889 0.600000
 0.636628 -0.765987 -0.089266
 1.000000 1.000000 1.000000 1.000000
 -109.671356 -136.428635 53.981598
 0.638889 0.800000
 0.856735 -0.495778 -0.142161
 1.000000 1.000000 1.000000 1.000000
 -108.629036 -135.966110 58.650120
 0.694444 0.600000
 0.856735 -0.495778 -0.142161
 1.000000 1.000000 1.000000 1.000000
 -108.776360 -136.234421 58.697990
 0.638889 0.600000
 0.856735 -0.495778 -0.142161
 1.000000 1.000000 1.000000 1.000000
 -109.671356 -136.428635 53.981598
 0.638889 0.800000
 0.854436 -0.499994 -0.141230
 1.000000 1.000000 1.000000 1.000000
 -109.466537 -136.069458 53.949158
 0.694444 0.800000
 0.854436 -0.499994 -0.141230
 1.000000 1.000000 1.000000 1.000000
 -108.629036 -135.966110 58.650120
 0.694444 0.600000
 0.854436 -0.499994 -0.141230
 1.000000 1.000000 1.000000 1.000000
 -109.466537 -136.069458 53.949158
 0.694444 0.800000
 0.970476 -0.171980 -0.169115
 1.000000 1.000000 1.000000 1.000000
 -108.577866 -135.661011 58.633495
 0.750000 0.600000
 0.970476 -0.171980 -0.169115
 1.000000 1.000000 1.000000 1.000000
 -108.629036 -135.966110 58.650120
 0.694444 0.600000
 0.970476 -0.171980 -0.169115
 1.000000 1.000000 1.000000 1.000000
 -109.466537 -136.069458 53.949158
 0.694444 0.800000
 0.970217 -0.173618 -0.168923
 1.000000 1.000000 1.000000 1.000000
 -109.395409 -135.661011 53.937889
 0.750000 0.800000
 0.970217 -0.173618 -0.168923
 1.000000 1.000000 1.000000 1.000000
 -108.577866 -135.661011 58.633495
 0.750000 0.600000
 0.970217 -0.173618 -0.168923
 1.000000 1.000000 1.000000 1.000000
 -108.577866 -135.661011 58.633495
 0.750000 0.600000
 0.909927 0.173137 -0.376903
 1.000000 1.000000 1.000000 1.000000
 -106.796417 -135.355911 63.074455
 0.805556 0.400000
 0.909927 0.173137 -0.376903
 1.000000 1.000000 1.000000 1.000000
 -106.748482 -135.661011 63.050030
 0.750000 0.400000
 0.909927 0.173137 -0.376903
 1.000000 1.000000 1.000000 1.000000
 -108.577866 -135.661011 58.633495
 0.750000 0.600000
 0.909925 0.173147 -0.376903
 1.000000 1.000000 1.000000 1.000000
 -108.629036 -135.355911 58.650120
 0.805556 0.600000
 0.909925 0.173147 -0.376903
 1.000000 1.000000 1.000000 1.000000
 -106.796417 -135.355911 63.074455
 0.805556 0.400000
 0.909925 0.173147 -0.376903
 1.000000 1.000000 1.000000 1.000000
 -108.629036 -135.355911 58.650120
 0.805556 0.600000
 0.800732 0.498819 -0.331674
 1.000000 1.000000 1.000000 1.000000
 -106.934433 -135.087601 63.144779
 0.861111 0.400000
 0.800732 0.498819 -0.331674
 1.000000 1.000000 1.000000 1.000000
 -106.796417 -135.355911 63.074455
 0.805556 0.400000
 0.800732 0.498819 -0.331674
 1.000000 1.000000 1.000000 1.000000
 -108.629036 -135.355911 58.650120
 0.805556 0.600000
 0.800723 0.498835 -0.331672
 1.000000 1.000000 1.000000 1.000000
 -108.776360 -135.087601 58.697990
 0.861111 0.600000
 0.800723 0.498835 -0.331672
 1.000000 1.000000 1.000000 1.000000
 -106.934433 -135.087601 63.144779
 0.861111 0.400000
 0.800723 0.498835 -0.331672
 1.000000 1.000000 1.000000 1.000000
 -108.776360 -135.087601 58.697990
 0.861111 0.600000
 0.594930 0.765070 -0.246429
 1.000000 1.000000 1.000000 1.000000
 -107.145897 -134.888458 63.252525
 0.916667 0.400000
 0.594930 0.765070 -0.246429
 1.000000 1.000000 1.000000 1.000000
 -106.934433 -135.087601 63.144779
 0.861111 0.400000
 0.594930 0.765070 -0.246429
 1.000000 1.000000 1.000000 1.000000
 -108.776360 -135.087601 58.697990
 0.861111 0.600000
 0.594941 0.765059 -0.246433
 1.000000 1.000000 1.000000 1.000000
 -109.002068 -134.888458 58.771328
 0.916667 0.600000
 0.594941 0.765059 -0.246432
 1.000000 1.000000 1.000000 1.000000
 -107.145897 -134.888458 63.252525
 0.916667 0.400000
 0.594941 0.765059 -0.246433
 1.000000 1.000000 1.000000 1.000000
 -109.002068 -134.888458 58.771328
 0.916667 0.600000
 0.316833 0.939358 -0.131236
 1.000000 1.000000 1.000000 1.000000
 -107.405296 -134.782501 63.384693
 0.972222 0.400000
 0.316833 0.939358 -0.131236
 1.000000 1.000000 1.000000 1.000000
 -107.145897 -134.888458 63.252525
 0.916667 0.400000
 0.316833 0.939358 -0.131236
 1.000000 1.000000 1.000000 1.000000
 -109.002068 -134.888458 58.771328
 0.916667 0.600000
 0.316836 0.939357 -0.131237
 1.000000 1.000000 1.000000 1.000000
 -109.278946 -134.782501 58.861290
 0.972222 0.600000
 0.316836 0.939357 -0.131237
 1.000000 1.000000 1.000000 1.000000
 -107.405296 -134.782501 63.384693
 0.972222 0.400000
 0.316836 0.939357 -0.131237
 1.000000 1.000000 1.000000 1.000000
 -109.278946 -134.782501 58.861290
 -0.027778 0.600000
 0.000000 1.000000 0.000000
 1.000000 1.000000 1.000000 1.000000
 -107.681335 -134.782501 63.525345
 0.027778 0.400000
 0.000000 1.000000 0.000000
 1.000000 1.000000 1.000000 1.000000
 -107.405296 -134.782501 63.384693
 -0.027778 0.400000
 0.000000 1.000000 0.000000
 1.000000 1.000000 1.000000 1.000000
 -109.278946 -134.782501 58.861290
 -0.027778 0.600000
 0.000000 1.000000 0.000000
 1.000000 1.000000 1.000000 1.000000
 -109.573593 -134.782501 58.957027
 0.027778 0.600000
 0.000000 1.000000 0.000000
 1.000000 1.000000 1.000000 1.000000
 -107.681335 -134.782501 63.525345
 0.027778 0.400000
 0.000000 1.000000 0.000000
 1.000000 1.000000 1.000000 1.000000
 -109.573593 -134.782501 58.957027
 0.027778 0.600000
 -0.316833 0.939358 0.131237
 1.000000 1.000000 1.000000 1.000000
 -107.940735 -134.888458 63.657513
 0.083333 0.400000
 -0.316833 0.939358 0.131237
 1.000000 1.000000 1.000000 1.000000
 -107.681335 -134.782501 63.525345
 0.027778 0.400000
 -0.316833 0.939358 0.131237
 1.000000 1.000000 1.000000 1.000000
 -109.573593 -134.782501 58.957027
 0.027778 0.600000
 -0.316836 0.939357 0.131238
 1.000000 1.000000 1.000000 1.000000
 -109.850471 -134.888458 59.046989
 0.083333 0.600000
 -0.316836 0.939357 0.131238
 1.000000 1.000000 1.000000 1.000000
 -107.940735 -134.888458 63.657513
 0.083333 0.400000
 -0.316836 0.939357 0.131238
 1.000000 1.000000 1.000000 1.000000
 -109.850471 -134.888458 59.046989
 0.083333 0.600000
 -0.594940 0.765060 0.246432
 1.000000 1.000000 1.000000 1.000000
 -108.152191 -135.087601 63.765259
 0.138889 0.400000
 -0.594940 0.765060 0.246432
 1.000000 1.000000 1.000000 1.000000
 -107.940735 -134.888458 63.657513
 0.083333 0.400000
 -0.594940 0.765060 0.246432
 1.000000 1.000000 1.000000 1.000000
 -109.850471 -134.888458 59.046989
 0.083333 0.600000
 -0.594929 0.765071 0.246428
 1.000000 1.000000 1.000000 1.000000
 -110.076187 -135.087601 59.120331
 0.138889 0.600000
 -0.594929 0.765071 0.246428
 1.000000 1.000000 1.000000 1.000000
 -108.152191 -135.087601 63.765259
 0.138889 0.400000
 -0.594929 0.765071 0.246428
 1.000000 1.000000 1.000000 1.000000
 -110.076187 -135.087601 59.120331
 0.138889 0.600000
 -0.800721 0.498839 0.331670
 1.000000 1.000000 1.000000 1.000000
 -108.290215 -135.355911 63.835587
 0.194444 0.400000
 -0.800721 0.498839 0.331670
 1.000000 1.000000 1.000000 1.000000
 -108.152191 -135.087601 63.765259
 0.138889 0.400000
 -0.800721 0.498839 0.331670
 1.000000 1.000000 1.000000 1.000000
 -110.076187 -135.087601 59.120331
 0.138889 0.600000
 -0.800725 0.498832 0.331671
 1.000000 1.000000 1.000000 1.000000
 -110.223511 -135.355911 59.168198
 0.194444 0.600000
 -0.800725 0.498832 0.331671
 1.000000 1.000000 1.000000 1.000000
 -108.290215 -135.355911 63.835587
 0.194444 0.400000
 -0.800725 0.498832 0.331671
 1.000000 1.000000 1.000000 1.000000
 -110.223511 -135.355911 59.168198
 0.194444 0.600000
 -0.909928 0.173132 0.376904
 1.000000 1.000000 1.000000 1.000000
 -108.338150 -135.661011 63.860008
 0.250000 0.400000
 -0.909928 0.173132 0.376904
 1.000000 1.000000 1.000000 1.000000
 -108.290215 -135.355911 63.835587
 0.194444 0.400000
 -0.909928 0.173132 0.376904
 1.000000 1.000000 1.000000 1.000000
 -110.223511 -135.355911 59.168198
 0.194444 0.600000
 -0.909929 0.173125 0.376905
 1.000000 1.000000 1.000000 1.000000
 -110.274673 -135.661011 59.184822
 0.250000 0.600000
 -0.909929 0.173125 0.376905
 1.000000 1.000000 1.000000 1.000000
 -108.338150 -135.661011 63.860008
 0.250000 0.400000
 -0.909929 0.173125 0.376905
 1.000000 1.000000 1.000000 1.000000
 -110.274673 -135.661011 59.184822
 0.250000 0.600000
 -0.909928 -0.173132 0.376904
 1.000000 1.000000 1.000000 1.000000
 -108.290215 -135.966110 63.835587
 0.305556 0.400000
 -0.909928 -0.173132 0.376904
 1.000000 1.000000 1.000000 1.000000
 -108.338150 -135.661011 63.860008
 0.250000 0.400000
 -0.909928 -0.173132 0.376904
 1.000000 1.000000 1.000000 1.000000
 -110.274673 -135.661011 59.184822
 0.250000 0.600000
 -0.909929 -0.173125 0.376905
 1.000000 1.000000 1.000000 1.000000
 -110.223511 -135.966110 59.168198
 0.305556 0.600000
 -0.909929 -0.173125 0.376905
 1.000000 1.000000 1.000000 1.000000
 -108.290215 -135.966110 63.835587
 0.305556 0.400000
 -0.909929 -0.173125 0.376905
 1.000000 1.000000 1.000000 1.000000
 -110.223511 -135.966110 59.168198
 0.305556 0.600000
 -0.800721 -0.498839 0.331670
 1.000000 1.000000 1.000000 1.000000
 -108.152191 -136.234421 63.765259
 0.361111 0.400000
 -0.800721 -0.498839 0.331670
 1.000000 1.000000 1.000000 1.000000
 -108.290215 -135.966110 63.835587
 0.305556 0.400000
 -0.800721 -0.498839 0.331670
 1.000000 1.000000 1.000000 1.000000
 -110.223511 -135.966110 59.168198
 0.305556 0.600000
 -0.800725 -0.498832 0.331672
 1.000000 1.000000 1.000000 1.000000
 -110.076187 -136.234421 59.120331
 0.361111 0.600000
 -0.800725 -0.498832 0.331672
 1.000000 1.000000 1.000000 1.000000
 -108.152191 -136.234421 63.765259
 0.361111 0.400000
 -0.800725 -0.498832 0.331672
 1.000000 1.000000 1.000000 1.000000
 -110.076187 -136.234421 59.120331
 0.361111 0.600000
 -0.594940 -0.765060 0.246433
 1.000000 1.000000 1.000000 1.000000
 -107.940735 -136.433563 63.657513
 0.416667 0.400000
 -0.594940 -0.765060 0.246433
 1.000000 1.000000 1.000000 1.000000
 -108.152191 -136.234421 63.765259
 0.361111 0.400000
 -0.594940 -0.765060 0.246433
 1.000000 1.000000 1.000000 1.000000
 -110.076187 -136.234421 59.120331
 0.361111 0.600000
 -0.594929 -0.765071 0.246427
 1.000000 1.000000 1.000000 1.000000
 -109.850471 -136.433563 59.046989
 0.416667 0.600000
 -0.594929 -0.765071 0.246427
 1.000000 1.000000 1.000000 1.000000
 -107.940735 -136.433563 63.657513
 0.416667 0.400000
 -0.594929 -0.765071 0.246427
 1.000000 1.000000 1.000000 1.000000
 -109.850471 -136.433563 59.046989
 0.416667 0.600000
 -0.316833 -0.939358 0.131236
 1.000000 1.000000 1.000000 1.000000
 -107.681335 -136.539520 63.525345
 0.472222 0.400000
 -0.316833 -0.939358 0.131236
 1.000000 1.000000 1.000000 1.000000
 -107.940735 -136.433563 63.657513
 0.416667 0.400000
 -0.316833 -0.939358 0.131236
 1.000000 1.000000 1.000000 1.000000
 -109.850471 -136.433563 59.046989
 0.416667 0.600000
 -0.316836 -0.939357 0.131238
 1.000000 1.000000 1.000000 1.000000
 -109.573593 -136.539520 58.957027
 0.472222 0.600000
 -0.316836 -0.939357 0.131238
 1.000000 1.000000 1.000000 1.000000
 -107.681335 -136.539520 63.525345
 0.472222 0.400000
 -0.316836 -0.939357 0.131238
 1.000000 1.000000 1.000000 1.000000
 -109.573593 -136.539520 58.957027
 0.472222 0.600000
 0.000000 -1.000000 0.000000
 1.000000 1.000000 1.000000 1.000000
 -107.405296 -136.539520 63.384693
 0.527778 0.400000
 0.000000 -1.000000 0.000000
 1.000000 1.000000 1.000000 1.000000
 -107.681335 -136.539520 63.525345
 0.472222 0.400000
 0.000000 -1.000000 0.000000
 1.000000 1.000000 1.000000 1.000000
 -109.573593 -136.539520 58.957027
 0.472222 0.600000
 0.000000 -1.000000 0.000000
 1.000000 1.000000 1.000000 1.000000
 -109.278946 -136.539520 58.861290
 0.527778 0.600000
 0.000000 -1.000000 0.000000
 1.000000 1.000000 1.000000 1.000000
 -107.405296 -136.539520 63.384693
 0.527778 0.400000
 0.000000 -1.000000 0.000000
 1.000000 1.000000 1.000000 1.000000
 -109.278946 -136.539520 58.861290
 0.527778 0.600000
 0.316833 -0.939358 -0.131236
 1.000000 1.000000 1.000000 1.000000
 -107.145897 -136.433563 63.252525
 0.583333 0.400000
 0.316833 -0.939358 -0.131236
 1.000000 1.000000 1.000000 1.000000
 -107.405296 -136.539520 63.384693
 0.527778 0.400000
 0.316833 -0.939358 -0.131236
 1.000000 1.000000 1.000000 1.000000
 -109.278946 -136.539520 58.861290
 0.527778 0.600000
 0.316836 -0.939357 -0.131238
 1.000000 1.000000 1.000000 1.000000
 -109.002068 -136.433563 58.771328
 0.583333 0.600000
 0.316836 -0.939357 -0.131238
 1.000000 1.000000 1.000000 1.000000
 -107.145897 -136.433563 63.252525
 0.583333 0.400000
 0.316836 -0.939357 -0.131238
 1.000000 1.000000 1.000000 1.000000
 -109.002068 -136.433563 58.771328
 0.583333 0.600000
 0.594930 -0.765070 -0.246428
 1.000000 1.000000 1.000000 1.000000
 -106.934433 -136.234421 63.144779
 0.638889 0.400000
 0.594930 -0.765070 -0.246428
 1.000000 1.000000 1.000000 1.000000
 -107.145897 -136.433563 63.252525
 0.583333 0.400000
 0.594930 -0.765070 -0.246428
 1.000000 1.000000 1.000000 1.000000
 -109.002068 -136.433563 58.771328
 0.583333 0.600000
 0.594941 -0.765059 -0.246434
 1.000000 1.000000 1.000000 1.000000
 -108.776360 -136.234421 58.697990
 0.638889 0.600000
 0.594941 -0.765059 -0.246434
 1.000000 1.000000 1.000000 1.000000
 -106.934433 -136.234421 63.144779
 0.638889 0.400000
 0.594941 -0.765059 -0.246434
 1.000000 1.000000 1.000000 1.000000
 -108.776360 -136.234421 58.697990
 0.638889 0.600000
 0.800732 -0.498819 -0.331675
 1.000000 1.000000 1.000000 1.000000
 -106.796417 -135.966110 63.074455
 0.694444 0.400000
 0.800732 -0.498819 -0.331675
 1.000000 1.000000 1.000000 1.000000
 -106.934433 -136.234421 63.144779
 0.638889 0.400000
 0.800732 -0.498819 -0.331675
 1.000000 1.000000 1.000000 1.000000
 -108.776360 -136.234421 58.697990
 0.638889 0.600000
 0.800723 -0.498835 -0.331670
 1.000000 1.000000 1.000000 1.000000
 -108.629036 -135.966110 58.650120
 0.694444 0.600000
 0.800724 -0.498835 -0.331670
 1.000000 1.000000 1.000000 1.000000
 -106.796417 -135.966110 63.074455
 0.694444 0.400000
 0.800723 -0.498835 -0.331670
 1.000000 1.000000 1.000000 1.000000
 -108.629036 -135.966110 58.650120
 0.694444 0.600000
 0.909927 -0.173137 -0.376904
 1.000000 1.000000 1.000000 1.000000
 -106.748482 -135.661011 63.050030
 0.750000 0.400000
 0.909927 -0.173137 -0.376904
 1.000000 1.000000 1.000000 1.000000
 -106.796417 -135.966110 63.074455
 0.694444 0.400000
 0.909927 -0.173137 -0.376904
 1.000000 1.000000 1.000000 1.000000
 -108.629036 -135.966110 58.650120
 0.694444 0.600000
 0.909926 -0.173147 -0.376903
 1.000000 1.000000 1.000000 1.000000
 -108.577866 -135.661011 58.633495
 0.750000 0.600000
 0.909926 -0.173147 -0.376903
 1.000000 1.000000 1.000000 1.000000
 -106.748482 -135.661011 63.050030
 0.750000 0.400000
 0.909926 -0.173147 -0.376903
 1.000000 1.000000 1.000000 1.000000
 -106.748482 -135.661011 63.050030
 0.750000 0.400000
 0.805491 0.173633 -0.566601
 1.000000 1.000000 1.000000 1.000000
 -104.064537 -135.252563 66.990746
 0.805556 0.200000
 0.805491 0.173633 -0.566601
 1.000000 1.000000 1.000000 1.000000
 -104.006271 -135.661011 66.948410
 0.750000 0.200000
 0.805491 0.173633 -0.566601
 1.000000 1.000000 1.000000 1.000000
 -106.748482 -135.661011 63.050030
 0.750000 0.400000
 0.805814 0.171969 -0.566648
 1.000000 1.000000 1.000000 1.000000
 -106.796417 -135.355911 63.074455
 0.805556 0.400000
 0.805814 0.171969 -0.566648
 1.000000 1.000000 1.000000 1.000000
 -104.064537 -135.252563 66.990746
 0.805556 0.200000
 0.805814 0.171969 -0.566648
 1.000000 1.000000 1.000000 1.000000
 -106.796417 -135.355911 63.074455
 0.805556 0.400000
 0.704042 0.499995 -0.504312
 1.000000 1.000000 1.000000 1.000000
 -104.232307 -134.893387 67.112633
 0.861111 0.200000
 0.704042 0.499995 -0.504312
 1.000000 1.000000 1.000000 1.000000
 -104.064537 -135.252563 66.990746
 0.805556 0.200000
 0.704042 0.499995 -0.504312
 1.000000 1.000000 1.000000 1.000000
 -106.796417 -135.355911 63.074455
 0.805556 0.400000
 0.706334 0.495764 -0.505283
 1.000000 1.000000 1.000000 1.000000
 -106.934433 -135.087601 63.144779
 0.861111 0.400000
 0.706334 0.495764 -0.505283
 1.000000 1.000000 1.000000 1.000000
 -104.232307 -134.893387 67.112633
 0.861111 0.200000
 0.706334 0.495764 -0.505283
 1.000000 1.000000 1.000000 1.000000
 -106.934433 -135.087601 63.144779
 0.861111 0.400000
 0.513291 0.765982 -0.387046
 1.000000 1.000000 1.000000 1.000000
 -104.489342 -134.626785 67.299377
 0.916667 0.200000
 0.513291 0.765982 -0.387046
 1.000000 1.000000 1.000000 1.000000
 -104.232307 -134.893387 67.112633
 0.861111 0.200000
 0.513291 0.765982 -0.387046
 1.000000 1.000000 1.000000 1.000000
 -106.934433 -135.087601 63.144779
 0.861111 0.400000
 0.518417 0.761252 -0.389538
 1.000000 1.000000 1.000000 1.000000
 -107.145897 -134.888458 63.252525
 0.916667 0.400000
 0.518417 0.761252 -0.389538
 1.000000 1.000000 1.000000 1.000000
 -104.489342 -134.626785 67.299377
 0.916667 0.200000
 0.518417 0.761252 -0.389538
 1.000000 1.000000 1.000000 1.000000
 -107.145897 -134.888458 63.252525
 0.916667 0.400000
 0.256187 0.939134 -0.228899
 1.000000 1.000000 1.000000 1.000000
 -104.804642 -134.484940 67.528458
 0.972222 0.200000
 0.256187 0.939134 -0.228899
 1.000000 1.000000 1.000000 1.000000
 -104.489342 -134.626785 67.299377
 0.916667 0.200000
 0.256187 0.939134 -0.228899
 1.000000 1.000000 1.000000 1.000000
 -107.145897 -134.888458 63.252525
 0.916667 0.400000
 0.263767 0.936082 -0.232761
 1.000000 1.000000 1.000000 1.000000
 -107.405296 -134.782501 63.384693
 0.972222 0.400000
 0.263767 0.936082 -0.232761
 1.000000 1.000000 1.000000 1.000000
 -104.804642 -134.484940 67.528458
 0.972222 0.200000
 0.263767 0.936082 -0.232761
 1.000000 1.000000 1.000000 1.000000
 -107.405296 -134.782501 63.384693
 -0.027778 0.400000
 -0.035767 0.998147 -0.049229
 1.000000 1.000000 1.000000 1.000000
 -105.140182 -134.484940 67.772247
 0.027778 0.200000
 -0.035767 0.998147 -0.049229
 1.000000 1.000000 1.000000 1.000000
 -104.804642 -134.484940 67.528458
 -0.027778 0.200000
 -0.035767 0.998147 -0.049229
 1.000000 1.000000 1.000000 1.000000
 -107.405296 -134.782501 63.384693
 -0.027778 0.400000
 -0.027310 0.998189 -0.053598
 1.000000 1.000000 1.000000 1.000000
 -107.681335 -134.782501 63.525345
 0.027778 0.400000
 -0.027310 0.998189 -0.053598
 1.000000 1.000000 1.000000 1.000000
 -105.140182 -134.484940 67.772247
 0.027778 0.200000
 -0.027310 0.998189 -0.053598
 1.000000 1.000000 1.000000 1.000000
 -107.681335 -134.782501 63.525345
 0.027778 0.400000
 -0.326751 0.936138 0.129922
 1.000000 1.000000 1.000000 1.000000
 -105.455482 -134.626785 68.001328
 0.083333 0.200000
 -0.326751 0.936138 0.129922
 1.000000 1.000000 1.000000 1.000000
 -105.140182 -134.484940 67.772247
 0.027778 0.200000
 -0.326751 0.936138 0.129922
 1.000000 1.000000 1.000000 1.000000
 -107.681335 -134.782501 63.525345
 0.027778 0.400000
 -0.319364 0.939199 0.126142
 1.000000 1.000000 1.000000 1.000000
 -107.940735 -134.888458 63.657513
 0.083333 0.400000
 -0.319364 0.939199 0.126142
 1.000000 1.000000 1.000000 1.000000
 -105.455482 -134.626785 68.001328
 0.083333 0.200000
 -0.319364 0.939199 0.126142
 1.000000 1.000000 1.000000 1.000000
 -107.940735 -134.888458 63.657513
 0.083333 0.400000
 -0.581397 0.761406 0.286771
 1.000000 1.000000 1.000000 1.000000
 -105.712517 -134.893387 68.188072
 0.138889 0.200000
 -0.581397 0.761406 0.286771
 1.000000 1.000000 1.000000 1.000000
 -105.455482 -134.626785 68.001328
 0.083333 0.200000
 -0.581398 0.761406 0.286771
 1.000000 1.000000 1.000000 1.000000
 -107.940735 -134.888458 63.657513
 0.083333 0.400000
 -0.576506 0.766012 0.284370
 1.000000 1.000000 1.000000 1.000000
 -108.152191 -135.087601 63.765259
 0.138889 0.400000
 -0.576506 0.766012 0.284370
 1.000000 1.000000 1.000000 1.000000
 -105.712517 -134.893387 68.188072
 0.138889 0.200000
 -0.576506 0.766012 0.284370
 1.000000 1.000000 1.000000 1.000000
 -108.152191 -135.087601 63.765259
 0.138889 0.400000
 -0.769354 0.495988 0.402605
 1.000000 1.000000 1.000000 1.000000
 -105.880287 -135.252563 68.309959
 0.194444 0.200000
 -0.769354 0.495988 0.402605
 1.000000 1.000000 1.000000 1.000000
 -105.712517 -134.893387 68.188072
 0.138889 0.200000
 -0.769354 0.495988 0.402605
 1.000000 1.000000 1.000000 1.000000
 -108.152191 -135.087601 63.765259
 0.138889 0.400000
 -0.767246 0.499974 0.401696
 1.000000 1.000000 1.000000 1.000000
 -108.290215 -135.355911 63.835587
 0.194444 0.400000
 -0.767246 0.499974 0.401696
 1.000000 1.000000 1.000000 1.000000
 -105.880287 -135.252563 68.309959
 0.194444 0.200000
 -0.767246 0.499974 0.401696
 1.000000 1.000000 1.000000 1.000000
 -108.290215 -135.355911 63.835587
 0.194444 0.400000
 -0.868942 0.172054 0.464044
 1.000000 1.000000 1.000000 1.000000
 -105.938553 -135.661011 68.352295
 0.250000 0.200000
 -0.868942 0.172054 0.464044
 1.000000 1.000000 1.000000 1.000000
 -105.880287 -135.252563 68.309959
 0.194444 0.200000
 -0.868942 0.172054 0.464044
 1.000000 1.000000 1.000000 1.000000
 -108.290215 -135.355911 63.835587
 0.194444 0.400000
 -0.868654 0.173619 0.464000
 1.000000 1.000000 1.000000 1.000000
 -108.338150 -135.661011 63.860008
 0.250000 0.400000
 -0.868654 0.173619 0.464000
 1.000000 1.000000 1.000000 1.000000
 -105.938553 -135.661011 68.352295
 0.250000 0.200000
 -0.868654 0.173619 0.464000
 1.000000 1.000000 1.000000 1.000000
 -108.338150 -135.661011 63.860008
 0.250000 0.400000
 -0.868896 -0.172056 0.464129
 1.000000 1.000000 1.000000 1.000000
 -105.880287 -136.069458 68.309959
 0.305556 0.200000
 -0.868896 -0.172056 0.464129
 1.000000 1.000000 1.000000 1.000000
 -105.938553 -135.661011 68.352295
 0.250000 0.200000
 -0.868896 -0.172056 0.464129
 1.000000 1.000000 1.000000 1.000000
 -108.338150 -135.661011 63.860008
 0.250000 0.400000
 -0.868715 -0.173619 0.463886
 1.000000 1.000000 1.000000 1.000000
 -108.290215 -135.966110 63.835587
 0.305556 0.400000
 -0.868715 -0.173619 0.463886
 1.000000 1.000000 1.000000 1.000000
 -105.880287 -136.069458 68.309959
 0.305556 0.200000
 -0.868715 -0.173619 0.463886
 1.000000 1.000000 1.000000 1.000000
 -108.290215 -135.966110 63.835587
 0.305556 0.400000
 -0.769215 -0.496005 0.402848
 1.000000 1.000000 1.000000 1.000000
 -105.712517 -136.428635 68.188072
 0.361111 0.200000
 -0.769215 -0.496005 0.402848
 1.000000 1.000000 1.000000 1.000000
 -105.880287 -136.069458 68.309959
 0.305556 0.200000
 -0.769215 -0.496005 0.402848
 1.000000 1.000000 1.000000 1.000000
 -108.290215 -135.966110 63.835587
 0.305556 0.400000
 -0.767419 -0.499976 0.401362
 1.000000 1.000000 1.000000 1.000000
 -108.152191 -136.234421 63.765259
 0.361111 0.400000
 -0.767419 -0.499976 0.401362
 1.000000 1.000000 1.000000 1.000000
 -105.712517 -136.428635 68.188072
 0.361111 0.200000
 -0.767419 -0.499976 0.401362
 1.000000 1.000000 1.000000 1.000000
 -108.152191 -136.234421 63.765259
 0.361111 0.400000
 -0.581148 -0.761461 0.287131
 1.000000 1.000000 1.000000 1.000000
 -105.455482 -136.695221 68.001328
 0.416667 0.200000
 -0.581148 -0.761461 0.287131
 1.000000 1.000000 1.000000 1.000000
 -105.712517 -136.428635 68.188072
 0.361111 0.200000
 -0.581148 -0.761461 0.287131
 1.000000 1.000000 1.000000 1.000000
 -108.152191 -136.234421 63.765259
 0.361111 0.400000
 -0.576768 -0.766008 0.283848
 1.000000 1.000000 1.000000 1.000000
 -107.940735 -136.433563 63.657513
 0.416667 0.400000
 -0.576768 -0.766008 0.283848
 1.000000 1.000000 1.000000 1.000000
 -105.455482 -136.695221 68.001328
 0.416667 0.200000
 -0.576768 -0.766008 0.283848
 1.000000 1.000000 1.000000 1.000000
 -107.940735 -136.433563 63.657513
 0.416667 0.400000
 -0.326469 -0.936171 0.130393
 1.000000 1.000000 1.000000 1.000000
 -105.140182 -136.837082 67.772247
 0.472222 0.200000
 -0.326469 -0.936171 0.130393
 1.000000 1.000000 1.000000 1.000000
 -105.455482 -136.695221 68.001328
 0.416667 0.200000
 -0.326469 -0.936171 0.130393
 1.000000 1.000000 1.000000 1.000000
 -107.940735 -136.433563 63.657513
 0.416667 0.400000
 -0.319690 -0.939176 0.125484
 1.000000 1.000000 1.000000 1.000000
 -107.681335 -136.539520 63.525345
 0.472222 0.400000
 -0.319690 -0.939176 0.125484
 1.000000 1.000000 1.000000 1.000000
 -105.140182 -136.837082 67.772247
 0.472222 0.200000
 -0.319690 -0.939176 0.125484
 1.000000 1.000000 1.000000 1.000000
 -107.681335 -136.539520 63.525345
 0.472222 0.400000
 -0.035416 -0.998183 -0.048747
 1.000000 1.000000 1.000000 1.000000
 -104.804642 -136.837082 67.528465
 0.527778 0.200000
 -0.035416 -0.998183 -0.048747
 1.000000 1.000000 1.000000 1.000000
 -105.140182 -136.837082 67.772247
 0.472222 0.200000
 -0.035416 -0.998183 -0.048747
 1.000000 1.000000 1.000000 1.000000
 -107.681335 -136.539520 63.525345
 0.472222 0.400000
 -0.027672 -0.998141 -0.054309
 1.000000 1.000000 1.000000 1.000000
 -107.405296 -136.539520 63.384693
 0.527778 0.400000
 -0.027672 -0.998141 -0.054309
 1.000000 1.000000 1.000000 1.000000
 -104.804642 -136.837082 67.528465
 0.527778 0.200000
 -0.027672 -0.998141 -0.054309
 1.000000 1.000000 1.000000 1.000000
 -107.405296 -136.539520 63.384693
 0.527778 0.400000
 0.256558 -0.939141 -0.228456
 1.000000 1.000000 1.000000 1.000000
 -104.489342 -136.695221 67.299385
 0.583333 0.200000
 0.256558 -0.939141 -0.228456
 1.000000 1.000000 1.000000 1.000000
 -104.804642 -136.837082 67.528465
 0.527778 0.200000
 0.256558 -0.939141 -0.228456
 1.000000 1.000000 1.000000 1.000000
 -107.405296 -136.539520 63.384693
 0.527778 0.400000
 0.263401 -0.936019 -0.233429
 1.000000 1.000000 1.000000 1.000000
 -107.145897 -136.433563 63.252525
 0.583333 0.400000
 0.263401 -0.936019 -0.233429
 1.000000 1.000000 1.000000 1.000000
 -104.489342 -136.695221 67.299385
 0.583333 0.200000
 0.263401 -0.936019 -0.233429
 1.000000 1.000000 1.000000 1.000000
 -107.145897 -136.433563 63.252525
 0.583333 0.400000
 0.513551 -0.766009 -0.386647
 1.000000 1.000000 1.000000 1.000000
 -104.232307 -136.428635 67.112633
 0.638889 0.200000
 0.513551 -0.766009 -0.386647
 1.000000 1.000000 1.000000 1.000000
 -104.489342 -136.695221 67.299385
 0.583333 0.200000
 0.513551 -0.766009 -0.386647
 1.000000 1.000000 1.000000 1.000000
 -107.145897 -136.433563 63.252525
 0.583333 0.400000
 0.518089 -0.761197 -0.390079
 1.000000 1.000000 1.000000 1.000000
 -106.934433 -136.234421 63.144779
 0.638889 0.400000
 0.518089 -0.761198 -0.390079
 1.000000 1.000000 1.000000 1.000000
 -104.232307 -136.428635 67.112633
 0.638889 0.200000
 0.518089 -0.761197 -0.390079
 1.000000 1.000000 1.000000 1.000000
 -106.934433 -136.234421 63.144779
 0.638889 0.400000
 0.704227 -0.499994 -0.504054
 1.000000 1.000000 1.000000 1.000000
 -104.064537 -136.069458 66.990746
 0.694444 0.200000
 0.704227 -0.499994 -0.504054
 1.000000 1.000000 1.000000 1.000000
 -104.232307 -136.428635 67.112633
 0.638889 0.200000
 0.704227 -0.499994 -0.504054
 1.000000 1.000000 1.000000 1.000000
 -106.934433 -136.234421 63.144779
 0.638889 0.400000
 0.706101 -0.495736 -0.505636
 1.000000 1.000000 1.000000 1.000000
 -106.796417 -135.966110 63.074455
 0.694444 0.400000
 0.706101 -0.495736 -0.505636
 1.000000 1.000000 1.000000 1.000000
 -104.064537 -136.069458 66.990746
 0.694444 0.200000
 0.706101 -0.495736 -0.505636
 1.000000 1.000000 1.000000 1.000000
 -106.796417 -135.966110 63.074455
 0.694444 0.400000
 0.805554 -0.173632 -0.566511
 1.000000 1.000000 1.000000 1.000000
 -104.006271 -135.661011 66.948410
 0.750000 0.200000
 0.805554 -0.173632 -0.566511
 1.000000 1.000000 1.000000 1.000000
 -104.064537 -136.069458 66.990746
 0.694444 0.200000
 0.805554 -0.173632 -0.566511
 1.000000 1.000000 1.000000 1.000000
 -106.796417 -135.966110 63.074455
 0.694444 0.400000
 0.805730 -0.171966 -0.566769
 1.000000 1.000000 1.000000 1.000000
 -106.748482 -135.661011 63.050030
 0.750000 0.400000
 0.805730 -0.171966 -0.566769
 1.000000 1.000000 1.000000 1.000000
 -104.006271 -135.661011 66.948410
 0.750000 0.200000
 0.805730 -0.171966 -0.566769
 1.000000 1.000000 1.000000 1.000000
 -104.006271 -135.661011 66.948410
 0.750000 0.200000
 0.661203 0.173441 -0.729882
 1.000000 1.000000 1.000000 1.000000
 -100.581818 -135.045883 70.196808
 0.805556 0.000000
 0.661203 0.173441 -0.729882
 1.000000 1.000000 1.000000 1.000000
 -100.505119 -135.661011 70.120117
 0.750000 0.000000
 0.661203 0.173441 -0.729882
 1.000000 1.000000 1.000000 1.000000
 -104.006271 -135.661011 66.948410
 0.750000 0.200000
 0.661929 0.170091 -0.730013
 1.000000 1.000000 1.000000 1.000000
 -104.064537 -135.252563 66.990746
 0.805556 0.200000
 0.661929 0.170091 -0.730013
 1.000000 1.000000 1.000000 1.000000
 -100.581818 -135.045883 70.196808
 0.805556 0.000000
 0.661929 0.170091 -0.730013
 1.000000 1.000000 1.000000 1.000000
 -104.064537 -135.252563 66.990746
 0.805556 0.200000
 0.570646 0.499170 -0.652068
 1.000000 1.000000 1.000000 1.000000
 -100.802650 -134.504944 70.417648
 0.861111 0.000000
 0.570646 0.499170 -0.652068
 1.000000 1.000000 1.000000 1.000000
 -100.581818 -135.045883 70.196808
 0.805556 0.000000
 0.570646 0.499170 -0.652068
 1.000000 1.000000 1.000000 1.000000
 -104.064537 -135.252563 66.990746
 0.805556 0.200000
 0.575137 0.490753 -0.654506
 1.000000 1.000000 1.000000 1.000000
 -104.232307 -134.893387 67.112633
 0.861111 0.200000
 0.575137 0.490753 -0.654506
 1.000000 1.000000 1.000000 1.000000
 -100.802650 -134.504944 70.417648
 0.861111 0.000000
 0.575137 0.490753 -0.654506
 1.000000 1.000000 1.000000 1.000000
 -104.232307 -134.893387 67.112633
 0.861111 0.200000
 0.400825 0.763925 -0.505726
 1.000000 1.000000 1.000000 1.000000
 -101.140991 -134.103439 70.755981
 0.916667 0.000000
 0.400825 0.763925 -0.505726
 1.000000 1.000000 1.000000 1.000000
 -100.802650 -134.504944 70.417648
 0.861111 0.000000
 0.400825 0.763925 -0.505726
 1.000000 1.000000 1.000000 1.000000
 -104.232307 -134.893387 67.112633
 0.861111 0.200000
 0.410609 0.754501 -0.511985
 1.000000 1.000000 1.000000 1.000000
 -104.489342 -134.626785 67.299377
 0.916667 0.200000
 0.410609 0.754501 -0.511985
 1.000000 1.000000 1.000000 1.000000
 -101.140991 -134.103439 70.755981
 0.916667 0.000000
 0.410609 0.754501 -0.511985
 1.000000 1.000000 1.000000 1.000000
 -104.489342 -134.626785 67.299377
 0.916667 0.200000
 0.172606 0.935330 -0.308814
 1.000000 1.000000 1.000000 1.000000
 -101.556030 -133.889816 71.171021
 0.972222 0.000000
 0.172606 0.935330 -0.308814
 1.000000 1.000000 1.000000 1.000000
 -101.140991 -134.103439 70.755981
 0.916667 0.000000
 0.172606 0.935329 -0.308814
 1.000000 1.000000 1.000000 1.000000
 -104.489342 -134.626785 67.299377
 0.916667 0.200000
 0.186765 0.929374 -0.318407
 1.000000 1.000000 1.000000 1.000000
 -104.804642 -134.484940 67.528458
 0.972222 0.200000
 0.186765 0.929374 -0.318407
 1.000000 1.000000 1.000000 1.000000
 -101.556030 -133.889816 71.171021
 0.972222 0.000000
 0.186765 0.929374 -0.318407
 1.000000 1.000000 1.000000 1.000000
 -104.804642 -134.484940 67.528458
 -0.027778 0.200000
 -0.085724 0.992624 -0.085723
 1.000000 1.000000 1.000000 1.000000
 -101.997696 -133.889816 71.612694
 0.027778 0.000000
 -0.085724 0.992624 -0.085723
 1.000000 1.000000 1.000000 1.000000
 -101.556030 -133.889816 71.171021
 -0.027778 0.000000
 -0.085724 0.992624 -0.085723
 1.000000 1.000000 1.000000 1.000000
 -104.804642 -134.484940 67.528458
 -0.027778 0.200000
 -0.070106 0.992862 -0.096491
 1.000000 1.000000 1.000000 1.000000
 -105.140182 -134.484940 67.772247
 0.027778 0.200000
 -0.070106 0.992862 -0.096491
 1.000000 1.000000 1.000000 1.000000
 -101.997696 -133.889816 71.612694
 0.027778 0.000000
 -0.070106 0.992862 -0.096491
 1.000000 1.000000 1.000000 1.000000
 -105.140182 -134.484940 67.772247
 0.027778 0.200000
 -0.342392 0.929647 0.136106
 1.000000 1.000000 1.000000 1.000000
 -102.412735 -134.103439 72.027725
 0.083333 0.000000
 -0.342392 0.929647 0.136106
 1.000000 1.000000 1.000000 1.000000
 -101.997696 -133.889816 71.612694
 0.027778 0.000000
 -0.342392 0.929647 0.136106
 1.000000 1.000000 1.000000 1.000000
 -105.140182 -134.484940 67.772247
 0.027778 0.200000
 -0.328834 0.935828 0.126862
 1.000000 1.000000 1.000000 1.000000
 -105.455482 -134.626785 68.001328
 0.083333 0.200000
 -0.328834 0.935828 0.126862
 1.000000 1.000000 1.000000 1.000000
 -102.412735 -134.103439 72.027725
 0.083333 0.000000
 -0.328834 0.935828 0.126862
 1.000000 1.000000 1.000000 1.000000
 -105.455482 -134.626785 68.001328
 0.083333 0.200000
 -0.566389 0.755248 0.329854
 1.000000 1.000000 1.000000 1.000000
 -102.751076 -134.504944 72.366066
 0.138889 0.000000
 -0.566389 0.755248 0.329854
 1.000000 1.000000 1.000000 1.000000
 -102.412735 -134.103439 72.027725
 0.083333 0.000000
 -0.566389 0.755248 0.329854
 1.000000 1.000000 1.000000 1.000000
 -105.455482 -134.626785 68.001328
 0.083333 0.200000
 -0.557414 0.764388 0.324038
 1.000000 1.000000 1.000000 1.000000
 -105.712517 -134.893387 68.188072
 0.138889 0.200000
 -0.557414 0.764388 0.324038
 1.000000 1.000000 1.000000 1.000000
 -102.751076 -134.504944 72.366066
 0.138889 0.000000
 -0.557414 0.764388 0.324038
 1.000000 1.000000 1.000000 1.000000
 -105.712517 -134.893387 68.188072
 0.138889 0.200000
 -0.731378 0.491558 0.472713
 1.000000 1.000000 1.000000 1.000000
 -102.971909 -135.045883 72.586899
 0.194444 0.000000
 -0.731378 0.491557 0.472713
 1.000000 1.000000 1.000000 1.000000
 -102.751076 -134.504944 72.366066
 0.138889 0.000000
 -0.731378 0.491557 0.472713
 1.000000 1.000000 1.000000 1.000000
 -105.712517 -134.893387 68.188072
 0.138889 0.200000
 -0.727428 0.499453 0.470526
 1.000000 1.000000 1.000000 1.000000
 -105.880287 -135.252563 68.309959
 0.194444 0.200000
 -0.727428 0.499453 0.470526
 1.000000 1.000000 1.000000 1.000000
 -102.971909 -135.045883 72.586899
 0.194444 0.000000
 -0.727428 0.499453 0.470526
 1.000000 1.000000 1.000000 1.000000
 -105.880287 -135.252563 68.309959
 0.194444 0.200000
 -0.818630 0.170456 0.548443
 1.000000 1.000000 1.000000 1.000000
 -103.048607 -135.661011 72.663597
 0.250000 0.000000
 -0.818630 0.170456 0.548443
 1.000000 1.000000 1.000000 1.000000
 -102.971909 -135.045883 72.586899
 0.194444 0.000000
 -0.818630 0.170456 0.548443
 1.000000 1.000000 1.000000 1.000000
 -105.880287 -135.252563 68.309959
 0.194444 0.200000
 -0.818045 0.173532 0.548351
 1.000000 1.000000 1.000000 1.000000
 -105.938553 -135.661011 68.352295
 0.250000 0.200000
 -0.818045 0.173532 0.548351
 1.000000 1.000000 1.000000 1.000000
 -103.048607 -135.661011 72.663597
 0.250000 0.000000
 -0.818045 0.173532 0.548351
 1.000000 1.000000 1.000000 1.000000
 -105.938553 -135.661011 68.352295
 0.250000 0.200000
 -0.818490 -0.170464 0.548649
 1.000000 1.000000 1.000000 1.000000
 -102.971909 -136.276138 72.586899
 0.305556 0.000000
 -0.818490 -0.170464 0.548649
 1.000000 1.000000 1.000000 1.000000
 -103.048607 -135.661011 72.663597
 0.250000 0.000000
 -0.818490 -0.170464 0.548649
 1.000000 1.000000 1.000000 1.000000
 -105.938553 -135.661011 68.352295
 0.250000 0.200000
 -0.818255 -0.173530 0.548039
 1.000000 1.000000 1.000000 1.000000
 -105.880287 -136.069458 68.309959
 0.305556 0.200000
 -0.818255 -0.173530 0.548039
 1.000000 1.000000 1.000000 1.000000
 -102.971909 -136.276138 72.586899
 0.305556 0.000000
 -0.818255 -0.173530 0.548039
 1.000000 1.000000 1.000000 1.000000
 -105.880287 -136.069458 68.309959
 0.305556 0.200000
 -0.730948 -0.491634 0.473297
 1.000000 1.000000 1.000000 1.000000
 -102.751076 -136.817062 72.366066
 0.361111 0.000000
 -0.730948 -0.491634 0.473297
 1.000000 1.000000 1.000000 1.000000
 -102.971909 -136.276138 72.586899
 0.305556 0.000000
 -0.730948 -0.491634 0.473297
 1.000000 1.000000 1.000000 1.000000
 -105.880287 -136.069458 68.309959
 0.305556 0.200000
 -0.728035 -0.499427 0.469613
 1.000000 1.000000 1.000000 1.000000
 -105.712517 -136.428635 68.188072
 0.361111 0.200000
 -0.728035 -0.499427 0.469614
 1.000000 1.000000 1.000000 1.000000
 -102.751076 -136.817062 72.366066
 0.361111 0.000000
 -0.728035 -0.499427 0.469614
 1.000000 1.000000 1.000000 1.000000
 -105.712517 -136.428635 68.188072
 0.361111 0.200000
 -0.565680 -0.755394 0.330736
 1.000000 1.000000 1.000000 1.000000
 -102.412735 -137.218567 72.027725
 0.416667 0.000000
 -0.565680 -0.755394 0.330736
 1.000000 1.000000 1.000000 1.000000
 -102.751076 -136.817062 72.366066
 0.361111 0.000000
 -0.565680 -0.755394 0.330736
 1.000000 1.000000 1.000000 1.000000
 -105.712517 -136.428635 68.188072
 0.361111 0.200000
 -0.558345 -0.764319 0.322596
 1.000000 1.000000 1.000000 1.000000
 -105.455482 -136.695221 68.001328
 0.416667 0.200000
 -0.558345 -0.764319 0.322596
 1.000000 1.000000 1.000000 1.000000
 -102.412735 -137.218567 72.027725
 0.416667 0.000000
 -0.558345 -0.764319 0.322596
 1.000000 1.000000 1.000000 1.000000
 -105.455482 -136.695221 68.001328
 0.416667 0.200000
 -0.341435 -0.929843 0.137163
 1.000000 1.000000 1.000000 1.000000
 -101.997696 -137.432190 71.612694
 0.472222 0.000000
 -0.341435 -0.929843 0.137163
 1.000000 1.000000 1.000000 1.000000
 -102.412735 -137.218567 72.027725
 0.416667 0.000000
 -0.341435 -0.929843 0.137163
 1.000000 1.000000 1.000000 1.000000
 -105.455482 -136.695221 68.001328
 0.416667 0.200000
 -0.330071 -0.935630 0.125101
 1.000000 1.000000 1.000000 1.000000
 -105.140182 -136.837082 67.772247
 0.472222 0.200000
 -0.330071 -0.935630 0.125101
 1.000000 1.000000 1.000000 1.000000
 -101.997696 -137.432190 71.612694
 0.472222 0.000000
 -0.330071 -0.935630 0.125101
 1.000000 1.000000 1.000000 1.000000
 -105.140182 -136.837082 67.772247
 0.472222 0.200000
 -0.084631 -0.992815 -0.084595
 1.000000 1.000000 1.000000 1.000000
 -101.556030 -137.432205 71.171021
 0.527778 0.000000
 -0.084631 -0.992815 -0.084595
 1.000000 1.000000 1.000000 1.000000
 -101.997696 -137.432190 71.612694
 0.472222 0.000000
 -0.084631 -0.992815 -0.084595
 1.000000 1.000000 1.000000 1.000000
 -105.140182 -136.837082 67.772247
 0.472222 0.200000
 -0.071495 -0.992575 -0.098405
 1.000000 1.000000 1.000000 1.000000
 -104.804642 -136.837082 67.528465
 0.527778 0.200000
 -0.071495 -0.992575 -0.098405
 1.000000 1.000000 1.000000 1.000000
 -101.556030 -137.432205 71.171021
 0.527778 0.000000
 -0.071495 -0.992575 -0.098405
 1.000000 1.000000 1.000000 1.000000
 -104.804642 -136.837082 67.528465
 0.527778 0.200000
 0.173740 -0.935458 -0.307786
 1.000000 1.000000 1.000000 1.000000
 -101.140991 -137.218567 70.755989
 0.583333 0.000000
 0.173740 -0.935458 -0.307786
 1.000000 1.000000 1.000000 1.000000
 -101.556030 -137.432205 71.171021
 0.527778 0.000000
 0.173740 -0.935458 -0.307786
 1.000000 1.000000 1.000000 1.000000
 -104.804642 -136.837082 67.528465
 0.527778 0.200000
 0.185351 -0.929038 -0.320207
 1.000000 1.000000 1.000000 1.000000
 -104.489342 -136.695221 67.299385
 0.583333 0.200000
 0.185351 -0.929038 -0.320207
 1.000000 1.000000 1.000000 1.000000
 -101.140991 -137.218567 70.755989
 0.583333 0.000000
 0.185351 -0.929038 -0.320207
 1.000000 1.000000 1.000000 1.000000
 -104.489342 -136.695221 67.299385
 0.583333 0.200000
 0.401758 -0.764013 -0.504851
 1.000000 1.000000 1.000000 1.000000
 -100.802650 -136.817078 70.417648
 0.638889 0.000000
 0.401758 -0.764013 -0.504851
 1.000000 1.000000 1.000000 1.000000
 -101.140991 -137.218567 70.755989
 0.583333 0.000000
 0.401758 -0.764013 -0.504851
 1.000000 1.000000 1.000000 1.000000
 -104.489342 -136.695221 67.299385
 0.583333 0.200000
 0.409294 -0.754268 -0.513380
 1.000000 1.000000 1.000000 1.000000
 -104.232307 -136.428635 67.112633
 0.638889 0.200000
 0.409294 -0.754268 -0.513380
 1.000000 1.000000 1.000000 1.000000
 -100.802650 -136.817078 70.417648
 0.638889 0.000000
 0.409294 -0.754268 -0.513380
 1.000000 1.000000 1.000000 1.000000
 -104.232307 -136.428635 67.112633
 0.638889 0.200000
 0.571279 -0.499194 -0.651495
 1.000000 1.000000 1.000000 1.000000
 -100.581818 -136.276138 70.196808
 0.694444 0.000000
 0.571279 -0.499194 -0.651495
 1.000000 1.000000 1.000000 1.000000
 -100.802650 -136.817078 70.417648
 0.638889 0.000000
 0.571279 -0.499194 -0.651495
 1.000000 1.000000 1.000000 1.000000
 -104.232307 -136.428635 67.112633
 0.638889 0.200000
 0.574222 -0.490629 -0.655402
 1.000000 1.000000 1.000000 1.000000
 -104.064537 -136.069458 66.990746
 0.694444 0.200000
 0.574222 -0.490629 -0.655402
 1.000000 1.000000 1.000000 1.000000
 -100.581818 -136.276138 70.196808
 0.694444 0.000000
 0.574222 -0.490629 -0.655402
 1.000000 1.000000 1.000000 1.000000
 -104.064537 -136.069458 66.990746
 0.694444 0.200000
 0.661425 -0.173444 -0.729681
 1.000000 1.000000 1.000000 1.000000
 -100.505119 -135.661011 70.120117
 0.750000 0.000000
 0.661425 -0.173443 -0.729681
 1.000000 1.000000 1.000000 1.000000
 -100.581818 -136.276138 70.196808
 0.694444 0.000000
 0.661425 -0.173443 -0.729681
 1.000000 1.000000 1.000000 1.000000
 -104.064537 -136.069458 66.990746
 0.694444 0.200000
 0.661597 -0.170075 -0.730317
 1.000000 1.000000 1.000000 1.000000
 -104.006271 -135.661011 66.948410
 0.750000 0.200000
 0.661597 -0.170075 -0.730317
 1.000000 1.000000 1.000000 1.000000
 -100.505119 -135.661011 70.120117
 0.750000 0.000000
 0.661597 -0.170075 -0.730317
 1.000000 1.000000 1.000000 1.000000
 -101.776863 -135.661011 71.391861
 0.500000 0.000000
 0.707107 0.000009 0.707107
 1.000000 1.000000 1.000000 1.000000
 -100.505119 -135.661011 70.120117
 0.750000 0.000000
 0.707107 0.000009 0.707107
 1.000000 1.000000 1.000000 1.000000
 -100.581818 -135.045883 70.196808
 0.805556 0.000000
 0.707107 0.000009 0.707107
 1.000000 1.000000 1.000000 1.000000
 -101.776863 -135.661011 71.391861
 0.500000 0.000000
 0.707111 -0.000007 0.707103
 1.000000 1.000000 1.000000 1.000000
 -100.581818 -135.045883 70.196808
 0.805556 0.000000
 0.707111 -0.000007 0.707103
 1.000000 1.000000 1.000000 1.000000
 -100.802650 -134.504944 70.417648
 0.861111 0.000000
 0.707111 -0.000007 0.707103
 1.000000 1.000000 1.000000 1.000000
 -101.776863 -135.661011 71.391861
 0.500000 0.000000
 0.707103 0.000007 0.707111
 1.000000 1.000000 1.000000 1.000000
 -100.802650 -134.504944 70.417648
 0.861111 0.000000
 0.707103 0.000007 0.707111
 1.000000 1.000000 1.000000 1.000000
 -101.140991 -134.103439 70.755981
 0.916667 0.000000
 0.707103 0.000007 0.707111
 1.000000 1.000000 1.000000 1.000000
 -101.776863 -135.661011 71.391861
 0.500000 0.000000
 0.707107 0.000003 0.707106
 1.000000 1.000000 1.000000 1.000000
 -101.140991 -134.103439 70.755981
 0.916667 0.000000
 0.707107 0.000003 0.707106
 1.000000 1.000000 1.000000 1.000000
 -101.556030 -133.889816 71.171021
 0.972222 0.000000
 0.707107 0.000003 0.707106
 1.000000 1.000000 1.000000 1.000000
 -101.776863 -135.661011 71.391861
 0.500000 0.000000
 0.707113 0.000002 0.707101
 1.000000 1.000000 1.000000 1.000000
 -101.556030 -133.889816 71.171021
 -0.027778 0.000000
 0.707113 0.000002 0.707101
 1.000000 1.000000 1.000000 1.000000
 -101.997696 -133.889816 71.612694
 0.027778 0.000000
 0.707113 0.000002 0.707101
 1.000000 1.000000 1.000000 1.000000
 -101.776863 -135.661011 71.391861
 0.500000 0.000000
 0.707101 -0.000002 0.707113
 1.000000 1.000000 1.000000 1.000000
 -101.997696 -133.889816 71.612694
 0.027778 0.000000
 0.707101 -0.000002 0.707113
 1.000000 1.000000 1.000000 1.000000
 -102.412735 -134.103439 72.027725
 0.083333 0.000000
 0.707101 -0.000002 0.707113
 1.000000 1.000000 1.000000 1.000000
 -101.776863 -135.661011 71.391861
 0.500000 0.000000
 0.707105 0.000002 0.707108
 1.000000 1.000000 1.000000 1.000000
 -102.412735 -134.103439 72.027725
 0.083333 0.000000
 0.707105 0.000002 0.707108
 1.000000 1.000000 1.000000 1.000000
 -102.751076 -134.504944 72.366066
 0.138889 0.000000
 0.707105 0.000002 0.707108
 1.000000 1.000000 1.000000 1.000000
 -101.776863 -135.661011 71.391861
 0.500000 0.000000
 0.707105 0.000002 0.707109
 1.000000 1.000000 1.000000 1.000000
 -102.751076 -134.504944 72.366066
 0.138889 0.000000
 0.707105 0.000002 0.707109
 1.000000 1.000000 1.000000 1.000000
 -102.971909 -135.045883 72.586899
 0.194444 0.000000
 0.707105 0.000002 0.707109
 1.000000 1.000000 1.000000 1.000000
 -101.776863 -135.661011 71.391861
 0.500000 0.000000
 0.707105 0.000001 0.707109
 1.000000 1.000000 1.000000 1.000000
 -102.971909 -135.045883 72.586899
 0.194444 0.000000
 0.707105 0.000001 0.707109
 1.000000 1.000000 1.000000 1.000000
 -103.048607 -135.661011 72.663597
 0.250000 0.000000
 0.707105 0.000001 0.707109
 1.000000 1.000000 1.000000 1.000000
 -101.776863 -135.661011 71.391861
 0.500000 0.000000
 0.707105 -0.000001 0.707109
 1.000000 1.000000 1.000000 1.000000
 -103.048607 -135.661011 72.663597
 0.250000 0.000000
 0.707105 -0.000001 0.707109
 1.000000 1.000000 1.000000 1.000000
 -102.971909 -136.276138 72.586899
 0.305556 0.000000
 0.707105 -0.000001 0.707109
 1.000000 1.000000 1.000000 1.000000
 -101.776863 -135.661011 71.391861
 0.500000 0.000000
 0.707105 -0.000002 0.707109
 1.000000 1.000000 1.000000 1.000000
 -102.971909 -136.276138 72.586899
 0.305556 0.000000
 0.707105 -0.000002 0.707109
 1.000000 1.000000 1.000000 1.000000
 -102.751076 -136.817062 72.366066
 0.361111 0.000000
 0.707105 -0.000002 0.707109
 1.000000 1.000000 1.000000 1.000000
 -101.776863 -135.661011 71.391861
 0.500000 0.000000
 0.707105 -0.000002 0.707108
 1.000000 1.000000 1.000000 1.000000
 -102.751076 -136.817062 72.366066
 0.361111 0.000000
 0.707105 -0.000002 0.707108
 1.000000 1.000000 1.000000 1.000000
 -102.412735 -137.218567 72.027725
 0.416667 0.000000
 0.707105 -0.000002 0.707108
 1.000000 1.000000 1.000000 1.000000
 -101.776863 -135.661011 71.391861
 0.500000 0.000000
 0.707101 0.000002 0.707113
 1.000000 1.000000 1.000000 1.000000
 -102.412735 -137.218567 72.027725
 0.416667 0.000000
 0.707101 0.000002 0.707113
 1.000000 1.000000 1.000000 1.000000
 -101.997696 -137.432190 71.612694
 0.472222 0.000000
 0.707101 0.000002 0.707113
 1.000000 1.000000 1.000000 1.000000
 -101.776863 -135.661011 71.391861
 0.500000 0.000000
 0.707113 -0.000002 0.707101
 1.000000 1.000000 1.000000 1.000000
 -101.997696 -137.432190 71.612694
 0.472222 0.000000
 0.707113 -0.000002 0.707101
 1.000000 1.000000 1.000000 1.000000
 -101.556030 -137.432205 71.171021
 0.527778 0.000000
 0.707113 -0.000002 0.707101
 1.000000 1.000000 1.000000 1.000000
 -101.776863 -135.661011 71.391861
 0.500000 0.000000
 0.707101 -0.000004 0.707112
 1.000000 1.000000 1.000000 1.000000
 -101.556030 -137.432205 71.171021
 0.527778 0.000000
 0.707101 -0.000004 0.707112
 1.000000 1.000000 1.000000 1.000000
 -101.140991 -137.218567 70.755989
 0.583333 0.000000
 0.707101 -0.000004 0.707112
 1.000000 1.000000 1.000000 1.000000
 -101.776863 -135.661011 71.391861
 0.500000 0.000000
 0.707107 0.000000 0.707107
 1.000000 1.000000 1.000000 1.000000
 -101.140991 -137.218567 70.755989
 0.583333 0.000000
 0.707107 0.000000 0.707107
 1.000000 1.000000 1.000000 1.000000
 -100.802650 -136.817078 70.417648
 0.638889 0.000000
 0.707107 0.000000 0.707107
 1.000000 1.000000 1.000000 1.000000
 -101.776863 -135.661011 71.391861
 0.500000 0.000000
 0.707111 0.000007 0.707103
 1.000000 1.000000 1.000000 1.000000
 -100.802650 -136.817078 70.417648
 0.638889 0.000000
 0.707111 0.000007 0.707103
 1.000000 1.000000 1.000000 1.000000
 -100.581818 -136.276138 70.196808
 0.694444 0.000000
 0.707111 0.000007 0.707103
 1.000000 1.000000 1.000000 1.000000
 -101.776863 -135.661011 71.391861
 0.500000 0.000000
 0.707107 -0.000009 0.707107
 1.000000 1.000000 1.000000 1.000000
 -100.581818 -136.276138 70.196808
 0.694444 0.000000
 0.707107 -0.000009 0.707107
 1.000000 1.000000 1.000000 1.000000
 -100.505119 -135.661011 70.120117
 0.750000 0.000000
 0.707107 -0.000009 0.707107
 1.000000 1.000000 1.000000 1.000000
 216
 0 1 2
 3 4 5
 6 7 8
 9 10 11
 12 13 14
 15 16 17
 18 19 20
 21 22 23
 24 25 26
 27 28 29
 30 31 32
 33 34 35
 36 37 38
 39 40 41
 42 43 44
 45 46 47
 48 49 50
 51 52 53
 54 55 56
 57 58 59
 60 61 62
 63 64 65
 66 67 68
 69 70 71
 72 73 74
 75 76 77
 78 79 80
 81 82 83
 84 85 86
 87 88 89
 90 91 92
 93 94 95
 96 97 98
 99 100 101
 102 103 104
 105 106 107
 108 109 110
 111 112 113
 114 115 116
 117 118 119
 120 121 122
 123 124 125
 126 127 128
 129 130 131
 132 133 134
 135 136 137
 138 139 140
 141 142 143
 144 145 146
 147 148 149
 150 151 152
 153 154 155
 156 157 158
 159 160 161
 162 163 164
 165 166 167
 168 169 170
 171 172 173
 174 175 176
 177 178 179
 180 181 182
 183 184 185
 186 187 188
 189 190 191
 192 193 194
 195 196 197
 198 199 200
 201 202 203
 204 205 206
 207 208 209
 210 211 212
 213 214 215
 216 217 218
 219 220 221
 222 223 224
 225 226 227
 228 229 230
 231 232 233
 234 235 236
 237 238 239
 240 241 242
 243 244 245
 246 247 248
 249 250 251
 252 253 254
 255 256 257
 258 259 260
 261 262 263
 264 265 266
 267 268 269
 270 271 272
 273 274 275
 276 277 278
 279 280 281
 282 283 284
 285 286 287
 288 289 290
 291 292 293
 294 295 296
 297 298 299
 300 301 302
 303 304 305
 306 307 308
 309 310 311
 312 313 314
 315 316 317
 318 319 320
 321 322 323
 324 325 326
 327 328 329
 330 331 332
 333 334 335
 336 337 338
 339 340 341
 342 343 344
 345 346 347
 348 349 350
 351 352 353
 354 355 356
 357 358 359
 360 361 362
 363 364 365
 366 367 368
 369 370 371
 372 373 374
 375 376 377
 378 379 380
 381 382 383
 384 385 386
 387 388 389
 390 391 392
 393 394 395
 396 397 398
 399 400 401
 402 403 404
 405 406 407
 408 409 410
 411 412 413
 414 415 416
 417 418 419
 420 421 422
 423 424 425
 426 427 428
 429 430 431
 432 433 434
 435 436 437
 438 439 440
 441 442 443
 444 445 446
 447 448 449
 450 451 452
 453 454 455
 456 457 458
 459 460 461
 462 463 464
 465 466 467
 468 469 470
 471 472 473
 474 475 476
 477 478 479
 480 481 482
 483 484 485
 486 487 488
 489 490 491
 492 493 494
 495 496 497
 498 499 500
 501 502 503
 504 505 506
 507 508 509
 510 511 512
 513 514 515
 516 517 518
 519 520 521
 522 523 524
 525 526 527
 528 529 530
 531 532 533
 534 535 536
 537 538 539
 540 541 542
 543 544 545
 546 547 548
 549 550 551
 552 553 554
 555 556 557
 558 559 560
 561 562 563
 564 565 566
 567 568 569
 570 571 572
 573 574 575
 576 577 578
 579 580 581
 582 583 584
 585 586 587
 588 589 590
 591 592 593
 594 595 596
 597 598 599
 600 601 602
 603 604 605
 606 607 608
 609 610 611
 612 613 614
 615 616 617
 618 619 620
 621 622 623
 624 625 626
 627 628 629
 630 631 632
 633 634 635
 636 637 638
 639 640 641
 642 643 644
 645 646 647
